   "Tw[K]"          "B'c"    "hw[MJ/kg]"                      "C"                      "H"                      "O"                      "N"                     "CH"                    "CH4"                     "CO"                    "CO2"                     "CN"                    "C2H"         "C2H2,acetylene"                     "C3"                    "C3H"                     "C4"         "C4H2,butadiyne"                     "C5"                    "HCN"                     "H2"                    "H2O"                     "N2"                  "C(gr)"
       300      0.0874274       -2.63222             3.04415e-117                        0              1.41971e-75               6.4068e-80                        0                        0              2.47702e-11                     0.21              1.00852e-71                        0                        0             3.76024e-135                        0             1.29353e-172                        0             3.04379e-174                        0                        0                        0                     0.79                        1
       350      0.0874274        -2.5827              2.07452e-99                        0              1.77233e-64              3.69463e-68                        0                        0                3.484e-09                     0.21               8.2903e-61                        0                        0             2.99811e-114                        0             3.06255e-146                        0             1.48899e-147                        0                        0                        0                     0.79                        1
       400      0.0874274       -2.53242              5.03434e-86                        0              3.77974e-56              2.47784e-59                        0                        0              1.43666e-07                     0.21              1.28501e-52                        0                        0              1.46015e-98                        0             1.93734e-126                        0             1.63705e-127                        0                        0                        0                     0.79                        1
       450       0.087428       -2.48138              1.31549e-75                        0              1.14925e-49               1.8349e-52                        0                        0              2.60453e-06                 0.209998              3.02938e-46                        0                        0              2.35322e-86                        0             5.02151e-111                        0             6.55738e-112                        0                        0                        0                 0.789999                        1
       500      0.0874329       -2.42951              2.86549e-67                        0              1.78044e-44              5.79139e-47                        0                        0              2.64991e-05                 0.209984              3.80451e-41                        0                        0              1.38041e-76                        0               1.0955e-98                        0              2.03322e-99                        0                        0                        0                  0.78999                        1
       550      0.0874642       -2.37645              1.91535e-60                        0              3.16139e-40              1.84053e-42                        0                        0              0.000176835                 0.209893               5.6548e-37                        0                        0              1.35776e-68                        0               1.3794e-88                        0              3.42006e-89                        0                        0                        0                  0.78993                        1
       600      0.0876062       -2.32086              9.37099e-55                        0              1.10423e-36              1.04474e-38                        0                        0              0.000858724                  0.20948              1.69419e-33                        0                        0              6.20645e-62                        0              3.62326e-80                        0              1.14477e-80                        0                        0                        0                 0.789661                        1
       650      0.0881066       -2.25886              6.12837e-50                        0              1.10144e-33              1.57489e-35                        0                        0               0.00325736                 0.208029              1.47927e-30                        0                        0              2.67233e-56                        0              4.83695e-73                        0              1.87713e-73                        0                        0                        0                 0.788713                        1
       700      0.0895459       -2.18137              8.23856e-46                        0              4.08318e-31               8.3663e-33                        0                        0                0.0101254                 0.203874              4.89673e-28                        0                        0              1.79611e-51                        0              6.20331e-67                        0              2.87181e-67                        0                        0                        0                    0.786                        1
       750      0.0930342       -2.07125              3.12218e-42                        0              6.78896e-29              1.92592e-30                        0                        0                0.0265769                 0.193921              7.44758e-26                        0                        0              2.73013e-47                        0              1.21961e-61                        0              6.57831e-62                        0                        0                        0                 0.779502                        1
       800       0.100246       -1.90341              4.22749e-39                        0              5.78051e-27               2.2414e-28                        0                        0                0.0597415                 0.173856              6.00641e-24                        0                        0              1.23964e-43                        0              5.22069e-57                        0              3.21799e-57                        0                        0                        0                 0.766402                        1
       850       0.112817       -1.65564              2.45171e-36                        0              2.75829e-25              1.48357e-26                        0                        0                 0.114958                  0.14045              2.86577e-22                        0                        0              2.08041e-40                        0              6.36419e-53                        0              4.41168e-53                        0                        0                        0                 0.744591                        1
       900       0.130451       -1.33772              7.01277e-34                        0              7.82922e-24              6.13334e-25                        0                        0                 0.187325                0.0966684              8.82658e-21                        0                        0              1.52306e-37                        0              2.72285e-49                        0              2.09436e-49                        0                        0                        0                 0.716007                        1
       950       0.148808       -1.01724              1.10595e-31                        0              1.38938e-22              1.71302e-23                        0                        0                 0.256983                0.0545254              1.88859e-19                        0                        0              5.54433e-35                        0              4.82238e-46                        0              4.06925e-46                        0                        0                        0                 0.688492                        1
      1000       0.162129      -0.773591              1.05132e-29                        0              1.65222e-21              3.44775e-22                        0                        0                 0.304269                0.0259175              2.98226e-18                        0                        0               1.1144e-32                        0              4.03503e-43                        0              3.69911e-43                        0                        0                        0                 0.669814                        1
      1050        0.16919      -0.618238              6.47519e-28                        0              1.44122e-20              5.24803e-21                        0                        0                  0.32831                0.0113725              3.63551e-17                        0                        0              1.34631e-30                        0              1.77524e-40                        0              1.75333e-40                        0                        0                        0                 0.660318                        1
      1100       0.172348      -0.516124              2.74131e-26                        0              9.96844e-20              6.26459e-20                        0                        0                  0.33884               0.00500192              3.53815e-16                        0                        0              1.04787e-28                        0              4.48264e-38                        0              4.73521e-38                        0                        0                        0                 0.656158                        1
      1150       0.173701      -0.438044              8.37649e-25                        0              5.74964e-19              6.04287e-19                        0                        0                 0.343313               0.00229535              2.82635e-15                        0                        0              5.56474e-27                        0               6.9842e-36                        0              7.84078e-36                        0                        0                        0                 0.654391                        1
      1200       0.174295      -0.369791              1.92418e-23                        0              2.85348e-18              4.83311e-18                        0                        0                 0.345269               0.00111234              1.89793e-14                        0                        0              2.11509e-25                        0              7.13208e-34                        0              8.46181e-34                        0                        0                        0                 0.653619                        1
      1250       0.174568      -0.305461              3.43846e-22                        0               1.2449e-17              3.27666e-17                        0                        0                 0.346166               0.00056944              1.09357e-13                        0                        0              5.98979e-24                        0              5.02177e-32                        0              6.26543e-32                        0                        0                        0                 0.653264                        1
      1300         0.1747      -0.242654              4.92027e-21                        0              4.85227e-17              1.91891e-16                        0                        0                   0.3466              0.000306844              5.50214e-13                        0                        0              1.30755e-22                        0              2.54495e-30                        0              3.32425e-30                        0                        0                        0                 0.653093                        1
      1350       0.174768      -0.180373              5.77875e-20                        0              1.71187e-16              9.86545e-16                        0                        0                 0.346821              0.000173243              2.45395e-12                        0                        0              2.26491e-21                        0              9.62864e-29                        0              1.31152e-28                        0                        0                        0                 0.653006                        1
      1400       0.174803       -0.11819              5.68961e-19                        0              5.52633e-16              4.51493e-15                        0                        0                 0.346939              0.000102022              9.82766e-12                        0                        0              3.19133e-20                        0              2.80627e-27                        0              3.97171e-27                        0                        0                        0                 0.652959                        1
      1450       0.174823      -0.055919              4.78248e-18                        0              1.64762e-15               1.8615e-14                        0                        0                 0.347004              6.24059e-05              3.57374e-11                        0                        0              3.73695e-19                        0              6.47308e-26                        0              9.48831e-26                        0                        0                        0                 0.652933                        1
      1500       0.174835     0.00652074              3.48666e-17                        0              4.57292e-15               6.9867e-14                        0                        0                 0.347042              3.95032e-05              1.19147e-10                        0                        0              3.70462e-18                        0              1.20971e-24                        0              1.83109e-24                        0                        0                        0                 0.652918                        1
      1550       0.174842       0.069162              2.23527e-16                        0              1.18972e-14              2.40887e-13                        0                        0                 0.347065              2.57919e-05              3.67268e-10                        0                        0              3.15986e-17                        0              1.86941e-23                        0              2.91418e-23                        0                        0                        0                 0.652909                        1
      1600       0.174846       0.132015              1.27541e-15                        0              2.91904e-14              7.69011e-13                        0                        0                 0.347079              1.73189e-05              1.05445e-09                        0                        0              2.35195e-16                        0              2.43182e-22                        0              3.89458e-22                        0                        0                        0                 0.652904                        1
      1650       0.174849       0.195078              6.54582e-15                        0              6.79009e-14              2.28907e-12                        0                        0                 0.347088              1.19296e-05              2.83806e-09                        0                        0              1.54675e-15                        0              2.70505e-21                        0              4.44061e-21                        0                        0                        0                   0.6529                        1
      1700       0.174851       0.258345              3.05024e-14                        0              1.50448e-13              6.39245e-12                        0                        0                 0.347094              8.41046e-06              7.20207e-09                        0                        0               9.0866e-15                        0              2.60883e-20                        0              4.38081e-20                        0                        0                        0                 0.652898                        1
      1750       0.174852       0.321809              1.30123e-13                        0              3.18841e-13              1.68394e-11                        0                        0                 0.347097              6.05656e-06              1.73192e-08                        0                        0              4.81491e-14                        0              2.20835e-19                        0              3.78606e-19                        0                        0                        0                 0.652897                        1
      1800       0.174853       0.385459              5.11939e-13                        0              6.48687e-13              4.20476e-11                        0                        0                   0.3471                4.447e-06              3.96453e-08                        0                        0              2.32127e-13                        0              1.65872e-18                        0              2.89826e-18                        0                        0                        0                 0.652895                        1
      1850       0.174853       0.449286              1.86973e-12                        0              1.27115e-12               9.9952e-11                        0                        0                 0.347102              3.32393e-06               8.6734e-08                        0                        0              1.02602e-12                        0              1.11629e-17                        0              1.98464e-17                        0                        0                        0                 0.652895                        1
      1900       0.174854       0.513281              6.37656e-12                        0              2.40625e-12               2.2707e-10                        0                        0                 0.347103              2.52556e-06              1.82004e-07                        0                        0              4.18666e-12                        0              6.78981e-17                        0              1.22644e-16                        0                        0                        0                 0.652894                        1
      1950       0.174854       0.577437              2.04141e-11                        0              4.41176e-12              4.94714e-10                        0                        0                 0.347104              1.94819e-06              3.67511e-07                        0                        0              1.58687e-11                        0              3.76184e-16                        0              6.89388e-16                        0                        0                        0                 0.652894                        1
      2000       0.174854       0.641745              6.16412e-11                        0              7.85309e-12              1.03689e-09                        0                        0                 0.347105              1.52395e-06              7.16166e-07                        0                        0              5.61817e-11                        0              1.91184e-15                        0              3.54998e-15                        0                        0                        0                 0.652893                        1
      2050       0.174855       0.706199              1.76306e-10                        0              1.36007e-11              2.09665e-09                        0                        0                 0.347105              1.20761e-06              1.35036e-06                        0                        0              1.86726e-10                        0              8.96935e-15                        0              1.68547e-14                        0                        0                        0                 0.652892                        1
      2100       0.174856       0.770797              4.79518e-10                        0              2.29625e-11              4.10054e-09                        0                        0                 0.347105              9.68468e-07              2.46948e-06                        0                        0              5.85246e-10                        0              3.90676e-14                        0              7.42118e-14                        0                        0                        0                 0.652891                        1
      2150       0.174857       0.835535              1.24453e-09                        0              3.78597e-11              7.77473e-09                        0                        0                 0.347105              7.85384e-07              4.38952e-06                        0                        0              1.73695e-09                        0              1.58808e-13                        0              3.04627e-13                        0                        0                        0                 0.652889                        1
      2200       0.174858       0.900416              3.09216e-09                        0              6.10567e-11               1.4321e-08                        0                        0                 0.347105              6.43545e-07              7.59851e-06                        0                        0              4.89974e-09                        0              6.05314e-13                        0              1.17136e-12                        0                        0                        0                 0.652887                        1
      2250       0.174861       0.965446              7.37621e-09                        0              9.64543e-11              2.56768e-08                        0                        0                 0.347104              5.32438e-07              1.28326e-05                        0                        0              1.31819e-08                        0              2.17273e-12                        0               4.2377e-12                        0                        0                        0                 0.652882                        1
      2300       0.174865        1.03064              1.69386e-08                        0              1.49459e-10                4.489e-08                        0                        0                 0.347103              4.44502e-07              2.11777e-05                        0                        0              3.39275e-08                        0              7.37314e-12                        0              1.44817e-11                        0                        0                        0                 0.652875                        1
      2350       0.174872        1.09601              3.75361e-08                        0              2.27439e-10              7.66471e-08                        0                        0                 0.347101              3.74228e-07              3.42032e-05                        0                        0              8.37783e-08                        0                2.374e-11                        0              4.69186e-11                        0                        0                        0                 0.652864                        1
      2400       0.174882         1.1616              8.04481e-08                        0               3.4028e-10              1.28003e-07                        0                        0                 0.347097              3.17557e-07              5.41338e-05                        0                        0              1.98999e-07                        0              7.27643e-11                        0              1.44595e-10                        0                        0                        0                 0.652848                        1
      2450       0.174898        1.22746              1.67097e-07                        0              5.01053e-10              2.09365e-07                        0                        0                 0.347092              2.71466e-07               8.4067e-05                        0                        0              4.55772e-07                        0               2.1295e-10                        0              4.25186e-10                        0                        0                        0                 0.652823                        1
      2500       0.174921        1.29366              3.36995e-07                        0              7.26803e-10              3.35809e-07                        0                        0                 0.347084              2.33677e-07              0.000128244                        0                        0              1.00875e-06                        0              5.96711e-10                        0              1.19632e-09                        0                        0                        0                 0.652786                        1
      2550       0.174955         1.3603              6.61052e-07                        0              1.03947e-09              5.28784e-07                        0                        0                 0.347073              2.02461e-07               0.00019238                        0                        0               2.1619e-06                        0              1.60506e-09                        0              3.22913e-09                        0                        0                        0                 0.652731                        1
      2600       0.175005        1.42753              1.26328e-06                        0              1.46698e-09              8.18317e-07                        0                        0                 0.347056              1.76489e-07              0.000284064                        0                        0              4.49493e-06                        0              4.15416e-09                        0              8.38186e-09                        0                        0                        0                 0.652653                        1
      2650       0.175078        1.49555              2.35539e-06                        0              2.04441e-09              1.24579e-06                        0                        0                 0.347031              1.54735e-07              0.000413233                        0                        0               9.0823e-06                        0              1.03679e-08                        0              2.09688e-08                        0                        0                        0                 0.652543                        1
      2700       0.175183        1.56464              4.29057e-06                        0              2.81541e-09              1.86739e-06                        0                        0                 0.346996              1.36395e-07              0.000592729                        0                        0              1.78629e-05                        0              2.50028e-08                        0              5.06614e-08                        0                        0                        0                 0.652387                        1
      2750       0.175334        1.63521              7.64561e-06                        0              3.83371e-09              2.75837e-06                        0                        0                 0.346947              1.20839e-07              0.000838939                        0                        0              3.42481e-05                        0              5.83703e-08                        0              1.18435e-07                        0                        0                        0                  0.65217                        1
      2800        0.17555        1.70783              1.33434e-05                        0              5.16479e-09              4.01821e-06                        0                        0                 0.346876              1.07566e-07               0.00117253                        0                        0              6.40989e-05                        0              1.32147e-07                        0              2.68379e-07                        0                        0                        0                 0.651869                        1
      2850       0.175862        1.78327              2.28326e-05                        0              6.88764e-09               5.7767e-06                        0                        0                 0.346776              9.61764e-08               0.00161925                        0                        0              0.000117261                        0              2.90594e-07                        0              5.90471e-07                        0                        0                        0                 0.651458                        1
      2900       0.176311        1.86269              3.83461e-05                        0              9.09669e-09              8.20113e-06                        0                        0                 0.346635              8.63474e-08               0.00221085                        0                        0              0.000209923                        0              6.21631e-07                        0              1.26326e-06                        0                        0                        0                 0.650895                        1
      2950       0.176961        1.94768              6.32673e-05                        0              1.19036e-08              1.15046e-05                        0                        0                 0.346436              7.78173e-08               0.00298605                        0                        0              0.000368179                        0              1.29541e-06                        0              2.63181e-06                        0                        0                        0                 0.650131                        1
      3000       0.177901        2.04057               0.00010264                        0               1.5439e-08              1.59554e-05                        0                        0                 0.346154              7.03711e-08               0.00399148                        0                        0              0.000633286                        0              2.63315e-06                        0              5.34639e-06                        0                        0                        0                 0.649095                        1
      3050       0.179269        2.14467              0.000163867                        0              1.98538e-08              2.18869e-05                        0                        0                 0.345753              6.38307e-08               0.00528275                        0                        0               0.00106931                        0              5.22723e-06                        0              1.06036e-05                        0                        0                        0                 0.647693                        1
      3100       0.181262        2.26469              0.000257658                        0              2.53198e-08              2.97089e-05                        0                        0                 0.345184              5.80461e-08               0.00692526                        0                        0               0.00177407                        0              1.01459e-05                        0              2.05557e-05                        0                        0                        0                 0.645798                        1
      3150       0.184172        2.40738               0.00039929                        0              3.20286e-08              3.99174e-05                        0                        0                 0.344376              5.28893e-08               0.00899485                        0                        0               0.00289445                        0              1.92753e-05                        0              3.89921e-05                        0                        0                        0                 0.643237                        1
      3200       0.188425        2.58228              0.000610271                        0              4.01879e-08              5.31038e-05                        0                        0                 0.343226              4.82483e-08                0.0115779                        0                        0               0.00464768                        0              3.58788e-05                        0              7.24483e-05                        0                        0                        0                 0.639777                        1
      3250       0.194646        2.80283              0.000920502                        0              5.00136e-08              6.99596e-05                        0                        0                 0.341592              4.40228e-08                0.0147708                        0                        0               0.00735036                        0               6.5495e-05                        0              0.000131979                        0                        0                        0                 0.635099                        1
      3300       0.203752        3.08778               0.00137106                        0               6.1714e-08              9.12735e-05                        0                        0                 0.339274              4.01202e-08                0.0186772                        0                        0                0.0114574                        0              0.000117354                        0              0.000235937                        0                        0                        0                 0.628775                        1
      3350       0.217092        3.46298               0.00201772                        0              7.54623e-08              0.000117913                        0                        0                 0.335995              3.64525e-08                0.0234037                        0                        0                 0.017614                        0              0.000206571                        0              0.000414257                        0                        0                        0                  0.62023                        1
      3400       0.236677        3.96366               0.00293542                        0              9.13495e-08              0.000150779                        0                        0                 0.331372              3.29336e-08                0.0290506                        0                        0                0.0267236                        0              0.000357488                        0              0.000714945                        0                        0                        0                 0.608695                        1
      3450        0.26556        4.63698                0.0042238                        0              1.09308e-07               0.00019072                        0                        0                 0.324884              2.94783e-08                0.0356961                        0                        0                0.0400359                        0              0.000608689                        0               0.00121376                        0                        0                        0                 0.593147                        1
      3500       0.308498        5.54471               0.00601404                        0              1.28987e-07              0.000238359                        0                        0                 0.315824              2.60029e-08                0.0433684                        0                        0                0.0592602                        0               0.00102041                        0               0.00202839                        0                        0                        0                 0.572246                        1
