   "Tw[K]"          "B'c"    "hw[MJ/kg]"                      "C"                      "H"                      "O"                      "N"                     "CH"                    "CH4"                     "CO"                    "CO2"                     "CN"                    "C2H"         "C2H2,acetylene"                     "C3"                    "C3H"                     "C4"         "C4H2,butadiyne"                     "C5"                    "HCN"                     "H2"                    "H2O"                     "N2"                  "C(gr)"
       300              0        -8.1898             2.02943e-117              2.81454e-38              1.40244e-76              1.49351e-80             4.63177e-101                 0.484425              2.44687e-12               0.00307379              2.35099e-72              2.36654e-94              7.23342e-42             2.50683e-135             2.78014e-119             8.62353e-173              1.65729e-78              2.0292e-174              6.59983e-25              3.32567e-05                 0.448072                0.0643953                        1
       350              0       -8.04496              1.38301e-99              2.21464e-32                2.651e-65              8.61214e-69               9.9383e-86                  0.48821              5.21126e-10               0.00704756              1.93246e-61               8.5702e-80              2.97387e-35             1.99874e-114             5.62521e-101              2.0417e-146              2.28074e-66             9.92662e-148              3.96467e-21              0.000289108                 0.440067                0.0643871                        1
       400              0       -7.88134              3.35623e-86              6.03335e-28               7.5224e-57              5.77405e-60              3.21834e-74                 0.492731              2.85923e-08                0.0124767              2.99443e-53              7.36571e-69              2.79786e-30              9.73433e-99              3.15142e-87             1.29156e-126              3.06237e-57             1.09136e-127              2.74163e-18                 0.001515                  0.42893                0.0643476                        1
       450              0       -7.70709              8.76991e-76              1.73781e-24              2.79976e-50              4.27141e-53              2.93407e-65                 0.495901              6.34506e-07                0.0186948              7.05203e-47              2.40496e-60                2.108e-26              1.56881e-86              1.59748e-76             3.34768e-111              3.99918e-50             4.37159e-112              4.47063e-16               0.00562989                 0.415558                0.0642151                        1
       500              0       -7.52858              1.91032e-67              1.03362e-21              5.02676e-45              1.34455e-47              4.35898e-58                  0.49439              7.48156e-06                0.0251073              8.83268e-42              1.57595e-53              2.69229e-23              9.20273e-77              5.94315e-68               7.3033e-99              2.01639e-44              1.35548e-99              2.63919e-14                0.0163303                 0.400295                0.0638703                        1
       550              0       -7.34769               1.2769e-60               1.9421e-19               9.9755e-41               4.2484e-43              3.22447e-52                 0.483688              5.57987e-05                0.0313474              1.30527e-37              5.97705e-48              9.37363e-21              9.05176e-69              6.15015e-61              9.19599e-89              9.42486e-40              2.28004e-89              7.39513e-13                0.0392198                 0.382557                0.0631318                        1
       600              0       -7.16034              6.24733e-55               1.5287e-17              3.80168e-37              2.38601e-39              2.49862e-47                 0.458773              0.000295644                0.0372449              3.86925e-34              2.65656e-43              1.21814e-18              4.13764e-62              4.30169e-55               2.4155e-80              7.30848e-36              7.63182e-81              1.17562e-11                0.0809045                    0.361                0.0617819                        1
       650              0       -6.95373              4.08558e-50              6.12091e-16              4.07557e-34              3.53589e-36              3.39051e-43                   0.4158                0.0012053                0.0427239              3.32121e-31              2.25303e-39              7.32529e-17              1.78155e-56              3.75763e-50              3.22464e-73              1.40363e-32              1.25142e-73              1.19741e-10                 0.146637                 0.333997                0.0596361                        1
       700              0       -6.69995              5.49238e-46               1.4306e-14              1.61178e-31              1.83379e-33              1.16184e-39                 0.354666               0.00399689                0.0476507               1.0733e-28              5.16078e-36              2.37156e-15              1.19741e-51              6.35141e-46              4.13554e-67              8.87268e-30              1.91454e-67               8.5148e-10                 0.236803                  0.30024                0.0566431                        1
       750              0       -6.34535              2.08145e-42              2.15832e-13              2.85783e-29              4.09884e-31              1.31475e-36                  0.28104                0.0111876                0.0515447              1.58503e-26              4.11865e-33              4.61576e-14              1.82009e-47               2.8637e-42              8.13075e-62              2.27301e-27              4.38554e-62               4.5055e-09                  0.34398                 0.259287                0.0529606                        1
       800              0       -5.80399              2.81833e-39              2.26872e-12               2.6085e-27              4.62401e-29              6.01397e-34                 0.205574                0.0269588                0.0531044              1.23912e-24              1.38767e-30              5.87769e-13              8.26426e-44              4.38666e-39              3.48046e-57              2.76406e-25              2.14533e-57              1.86575e-08                 0.453493                 0.211942                0.0489267                        1
       850              0       -4.98542              1.63448e-36              1.76561e-11              1.34436e-25              2.97522e-27              1.30099e-31                 0.139394                0.0560295                0.0500455              5.74714e-23               2.2916e-28              5.24872e-12              1.38694e-40              2.75351e-36               4.2428e-53              1.80909e-23              2.94112e-53              6.30811e-08                 0.548891                 0.160721                 0.044919                        1
       900              0       -3.89088              4.67518e-34                 1.07e-10              4.14624e-24              1.20215e-25              1.50875e-29                0.0890221                0.0992046                0.0406675              1.73003e-21              2.09003e-26              3.49145e-11              1.01537e-37                8.221e-34              1.81523e-49              7.07303e-22              1.39624e-49              1.80746e-07                 0.619352                 0.110494                0.0412601                        1
       950              0       -2.70905              7.37299e-32               5.2728e-10              7.99183e-23              3.29705e-24              1.03911e-27                0.0549628                 0.147818                0.0270607              3.63497e-20               1.1608e-24              1.82702e-10              3.69622e-35              1.31787e-31              3.21492e-46              1.80599e-20              2.71283e-46              4.54367e-07                 0.663984                0.0679159                0.0382576                        1
      1000              0       -1.71334               7.0088e-30              2.19245e-09              1.01835e-21              6.53943e-23              4.62389e-26                0.0338085                 0.187536                0.0147686              5.65653e-19              4.25526e-23              7.89283e-10              7.42936e-33              1.25275e-29              2.69002e-43              3.24951e-19              2.46607e-43              1.03383e-06                 0.689854                0.0378863                0.0361455                        1
      1050              0       -1.01852               4.3168e-28              7.92129e-09              9.29529e-21               9.8479e-22              1.42242e-24                0.0211785                 0.211747               0.00709599              6.82201e-18              1.09829e-21              2.92375e-09              8.97539e-31              7.64837e-28              1.18349e-40              4.37676e-18              1.16889e-40              2.17644e-06                 0.705022                0.0200779                 0.034877                        1
      1100              0      -0.558711              1.82754e-26              2.54176e-08              6.58892e-20              1.16747e-20              3.19019e-23                0.0136354                 0.223965               0.00327794              6.59371e-17              2.09968e-20              9.53777e-09              6.98578e-29              3.19467e-26              2.98842e-38              4.61646e-17              3.15681e-38              4.29124e-06                 0.714328                0.0106063                0.0341828                        1
      1150              0      -0.233494              5.58433e-25               7.3652e-08              3.84641e-19              1.12148e-19              5.44312e-22               0.00904034                 0.229671               0.00154089              5.24536e-16              3.09612e-19              2.79325e-08              3.70982e-27              9.60502e-25              4.65613e-36              3.94694e-16              5.22719e-36                7.985e-06                 0.720182               0.00574895                0.0338087                        1
      1200              0      0.0230466              1.28279e-23              1.95317e-07              1.91992e-18              8.94727e-19              7.31606e-21               0.00616832                 0.232308              0.000755341              3.51354e-15              3.64019e-18              7.45428e-08              1.41006e-25              2.16738e-23              4.75472e-34              2.81195e-15              5.64121e-34              1.41122e-05                 0.723919               0.00323456                0.0336003                        1
      1250              0       0.245311               2.2923e-22              4.79254e-07              8.39897e-18              6.05642e-18              7.97499e-20               0.00432441                 0.233549              0.000388799              2.02129e-14              3.50812e-17              1.83467e-07               3.9932e-24              3.80081e-22              3.34785e-32              1.70771e-14              4.17695e-32              2.38254e-05                 0.726343               0.00189358                0.0334773                        1
      1300              0       0.450289              3.28018e-21              1.09807e-06              3.27796e-17              3.54313e-17               7.2248e-19                 0.003109                 0.234147              0.000210052              1.01593e-13              2.83635e-16              4.20589e-07                8.717e-23              5.33423e-21              1.69663e-30              9.00954e-14              2.21617e-30              3.86215e-05                 0.727943               0.00115181                0.0333988                        1
      1350              0       0.646469               3.8525e-20              2.36743e-06              1.15718e-16              1.82019e-16              5.55358e-18               0.00228753                 0.234441              0.000118742              4.52758e-13              1.96217e-15              9.05497e-07              1.50994e-21              6.14253e-20              6.41909e-29              4.19568e-13              8.74346e-29              6.03797e-05                  0.72902              0.000725966                0.0333434                        1
      1400              0       0.838249              3.79307e-19              4.83456e-06               3.7367e-16              8.32486e-16              3.68697e-17               0.00171912                 0.234587              6.99665e-05              1.81207e-12              1.18117e-14              1.84359e-06              2.12755e-20              5.92868e-19              1.87085e-27              1.74826e-12              2.64781e-27              9.13898e-05                 0.729754               0.00047267                0.0332989                        1
      1450              0        1.02802              3.18832e-18              9.40396e-06              1.11419e-15              3.43029e-15              2.14654e-16               0.00131716                 0.234659              4.28079e-05              6.58553e-12              6.27733e-14              3.57078e-06               2.4913e-19              4.88505e-18              4.31538e-26              6.59427e-12              6.32554e-26              0.000134368                 0.730258              0.000316971                0.0332579                        1
      1500              0        1.21716              2.32444e-17              1.75085e-05              3.09252e-15              1.28667e-14              1.11048e-15               0.00102714                 0.234694              2.70995e-05               2.1942e-11              2.98237e-13              6.61295e-06              2.46975e-18               3.4912e-17              8.06475e-25              2.27428e-11              1.22073e-24              0.000192458                 0.730602              0.000218331                0.0332152                        1
      1550              0        1.40654              1.49018e-16               3.1333e-05              8.04569e-15              4.43297e-14              5.16378e-15              0.000813958                 0.234708              1.76933e-05              6.75871e-11              1.28056e-12              1.17619e-05              2.10657e-17               2.1942e-16              1.24627e-23              7.23476e-11              1.94279e-23              0.000269218                 0.730827               0.00015409                0.0331671                        1
      1600              0        1.59673              8.50273e-16              5.40969e-05              1.97399e-14              1.41398e-13              2.18006e-14              0.000654571                 0.234711              1.18801e-05              1.93881e-10               5.0168e-12              2.01684e-05              1.56797e-16              1.22749e-15              1.62121e-22              2.13901e-10              2.59639e-22              0.000368596                 0.730959              0.000111183                0.0331101                        1
      1650              0        1.78822              4.36388e-15              9.03997e-05              4.59159e-14              4.20454e-13              8.43017e-14              0.000533514                 0.234707              8.18261e-06              5.21292e-10              1.80828e-11              3.34533e-05              1.03117e-15              6.17743e-15              1.80337e-21              5.91707e-10              2.96041e-21              0.000494883                 0.731009              8.18556e-05                0.0330412                        1
      1700              0        1.98143              2.03349e-14               0.00014663              1.01731e-13              1.17267e-12              3.00916e-13              0.000440223                 0.234699              5.76818e-06              1.32119e-09              6.04112e-11              5.38341e-05              6.05773e-15              2.82298e-14              1.73922e-20              1.54049e-09              2.92054e-20              0.000652659                 0.730983              6.13824e-05                0.0329575                        1
      1750              0        2.17679              8.67485e-14              0.000231439               2.1558e-13              3.08437e-12               9.9834e-13              0.000367357                 0.234685              4.15324e-06              3.17226e-09              1.88283e-10              8.42672e-05              3.20994e-14              1.18117e-13              1.47223e-19              3.79424e-09              2.52404e-19              0.000846721                 0.730878                4.681e-05                0.0328561                        1
      1800              0        2.37479              3.41292e-13              0.000356272              4.38564e-13               7.6873e-12              3.09733e-12              0.000309731                 0.234667              3.04898e-06               7.2481e-09              5.50626e-10                0.0001286              1.54751e-13              4.55845e-13              1.10581e-18              8.88192e-09              1.93218e-18                 0.001082                 0.730683               3.6251e-05                0.0327341                        1
      1850              0          2.576              1.24649e-12              0.000535947              8.59307e-13              1.82329e-11              9.03507e-12              0.000263623                 0.234643              2.27847e-06              1.58217e-08              1.51878e-09              0.000191729              6.84013e-13              1.63331e-12              7.44194e-18              1.98419e-08              1.32309e-17               0.00136346                 0.730383              2.84729e-05                0.0325885                        1
      1900              0        2.78109              4.25104e-12              0.000789283              1.62641e-12               4.1312e-11              2.49013e-11              0.000226328                  0.23461              1.73071e-06               3.3113e-08              3.96941e-09              0.000279763               2.7911e-12              5.46523e-12              4.52654e-17              4.24565e-08              8.17626e-17                 0.001696                 0.729958              2.26553e-05                0.0324166                        1
      1950              0        2.99085              1.36094e-11               0.00113974              2.98137e-12              8.97262e-11              6.51252e-11              0.000195852                 0.234566              1.33454e-06              6.66554e-08              9.87048e-09              0.000400174              1.05792e-11               1.7168e-11              2.50789e-16              8.72985e-08              4.59592e-16               0.00208432                 0.729379              1.82423e-05                0.0322154                        1
      2000              0        3.20623              4.10941e-11               0.00161607              5.30561e-12               1.8738e-10               1.6226e-10              0.000170704                 0.234507               1.0434e-06               1.2942e-07              2.34392e-08              0.000561938              3.74545e-11              5.08688e-11              1.27456e-15              1.72999e-07              2.36665e-15               0.00253282                 0.728613              1.48504e-05                0.0319823                        1
      2050              0        3.42833              1.17538e-10               0.00225296              9.18572e-12              3.77302e-10              3.86487e-10              0.000149763                  0.23443              8.26264e-07              2.43003e-07               5.3332e-08              0.000775649              1.24484e-10              1.42774e-10              5.97957e-15              3.31279e-07              1.12365e-14               0.00304542                 0.727618              1.22111e-05                0.0317145                        1
      2100              0        3.65842              3.19678e-10               0.00309162              1.55018e-11              7.34358e-10              8.82883e-10              0.000132169                 0.234329              6.62072e-07              4.42255e-07              1.16622e-07                0.0010536              3.90164e-10              3.81046e-10              2.60451e-14              6.14446e-07              4.94745e-14               0.00362547                 0.726347              1.01339e-05                0.0314098                        1
      2150              0        3.89797              8.29689e-10               0.00418031              2.55447e-11              1.38472e-09              1.93982e-09              0.000117261                 0.234199              5.36316e-07              7.81795e-07              2.45754e-07               0.00140982              1.15797e-09              9.70388e-10              1.05872e-13               1.1062e-06              2.03085e-13               0.00427557                 0.724741              8.48117e-06                0.0310659                        1
      2200              0         4.1486              2.06144e-09               0.00557477              4.11671e-11               2.5348e-09              4.10997e-09              0.000104524                 0.234034              4.38838e-07              1.34493e-06              5.00285e-07               0.00186004               3.2665e-09              2.36548e-09              4.03543e-13              1.93676e-06              7.80905e-13               0.00499741                 0.722737              7.15285e-06                 0.030681                        1
      2250              0        4.41216              4.91748e-09               0.00733848              6.49759e-11              4.51302e-09              8.41703e-09              9.35546e-05                 0.233825              3.62428e-07              2.25549e-06              9.86056e-07               0.00242159              8.78793e-09              5.53524e-09              1.44849e-12              3.30334e-06              2.82513e-12               0.00579166                 0.720263              6.07496e-06                0.0302536                        1
      2300              0        4.69064              1.12924e-08               0.00954279               1.0057e-10              7.82838e-09              1.66975e-08              8.40318e-05                 0.233564              3.01899e-07              3.69318e-06              1.88552e-06               0.00311319              2.26183e-08              1.24659e-08              4.91543e-12              5.49715e-06               9.6545e-12               0.00665781                 0.717238               5.1923e-06                0.0297828                        1
      2350              0        4.98621               2.5024e-08                0.0122668              1.52833e-10              1.32506e-08              3.21487e-08              7.57006e-05                 0.233243              2.53474e-07              5.91297e-06              3.50435e-06               0.00395467              5.58522e-08              2.70838e-08              1.58267e-11              8.93782e-06              3.12791e-11               0.00759403                 0.713575              4.46321e-06                0.0292679                        1
      2400              0        5.30118              5.36321e-08                0.0155968              2.28277e-10              2.19167e-08              6.01813e-08               6.8356e-05                  0.23285               2.1437e-07              9.26884e-06                6.341e-06                0.0049665              1.32666e-07              5.68887e-08              4.85095e-11               1.4216e-05              9.63967e-11               0.00859707                 0.709178              3.85601e-06                0.0287089                        1
      2450              0        5.63798              1.11398e-07                0.0196259              3.35451e-10              3.54702e-08               1.0971e-07              6.18327e-05                 0.232375              1.82514e-07              1.42425e-05              1.11877e-05               0.00616927              3.03848e-07              1.15751e-07              1.41967e-10              2.21443e-05              2.83457e-10               0.00966217                 0.703947              3.34632e-06                0.0281064                        1
      2500              0        5.99912              2.24663e-07                0.0244527              4.85408e-10              5.62373e-08              1.95056e-07              5.59967e-05                 0.231806              1.56346e-07              2.14768e-05              1.92737e-05               0.00758295              6.72499e-07              2.28552e-07              3.97808e-10              3.38158e-05              7.97545e-10                 0.010783                 0.697779              2.91527e-06                0.0274616                        1
      2550              0        6.38713              4.40702e-07                  0.03018              6.92229e-10              8.74462e-08               3.3867e-07              5.07392e-05                  0.23113               1.3468e-07              3.18142e-05              3.24622e-05               0.00922601              1.44127e-06              4.38646e-07              1.07004e-09              5.06686e-05              2.15276e-09                0.0119515                 0.690565              2.54811e-06                0.0267763                        1
      2600              0        6.80455              8.42189e-07                0.0369125              9.73606e-10              1.33494e-07              5.74953e-07              4.59716e-05                 0.230335              1.16608e-07                4.634e-05              5.35152e-05                0.0111145              2.99662e-06               8.1953e-07              2.76944e-09              7.45529e-05              5.58791e-09                0.0131583                 0.682199              2.23324e-06                0.0260528                        1
      2650              0        7.25391              1.57026e-06                 0.044755              1.35146e-09              2.00264e-07              9.55455e-07              4.16222e-05                 0.229406              1.01427e-07              6.64285e-05              8.64417e-05                0.0132607              6.05487e-06              1.49255e-06              6.91192e-09              0.000107796              1.39792e-08                0.0143922                 0.672577              1.96148e-06                0.0252941                        1
      2700              0        7.73761              2.86038e-06                0.0538092              1.85261e-09              2.95497e-07              1.55579e-06              3.76328e-05                 0.228332              8.85878e-08               9.3794e-05               0.00013694                0.0156722              1.19086e-05              2.65308e-06              1.66685e-08               0.00015326              3.37743e-08                0.0156406                 0.661599               1.7255e-06                0.0245039                        1
      2750              0        8.25799              5.09708e-06                0.0641704              2.50941e-09              4.29213e-07               2.4846e-06              3.39566e-05                 0.227099              7.76611e-08              0.000130542               0.00021295                0.0183504              2.28321e-05              4.60812e-06              3.89135e-08              0.000214375              7.89566e-08                0.0168899                 0.649175              1.51946e-06                0.0236859                        1
      2800              0        8.81725               8.8956e-06                0.0759238              3.36046e-09              6.14187e-07              3.89488e-06              3.05563e-05                 0.225694               6.8306e-08              0.000179221              0.000325319                0.0212889              4.27326e-05              7.82899e-06               8.8098e-08              0.000295153              1.78919e-07                 0.018125                 0.635227              1.33863e-06                0.0228448                        1
      2850              0        9.41749              1.52217e-05                0.0891402              4.45117e-09               8.6647e-07              5.99787e-06              2.74027e-05                 0.224106              6.02513e-08              0.000242878              0.000488586                0.0244728              7.81737e-05               1.3023e-05              1.93729e-07              0.000400153              3.93647e-07                0.0193301                 0.619692               1.1792e-06                 0.021985                        1
      2900              0        10.0607              2.55641e-05                 0.103871              5.83433e-09              1.20595e-06              9.07965e-06              2.44731e-05                 0.222321               5.3279e-08              0.000325099              0.000721865                 0.027877              0.000139949              2.12284e-05               4.1442e-07              0.000534393              8.42176e-07                 0.020489                 0.602525              1.03807e-06                0.0211113                        1
      2950              0         10.749              4.21782e-05                 0.120144              7.57055e-09              1.65694e-06              1.35202e-05                2.175e-05                 0.220329              4.72135e-08              0.000430062               0.00104981                0.0314655              0.000245452              3.39367e-05              8.63604e-07              0.000703195              1.75454e-06                0.0215846                 0.583703              9.12701e-07                0.0202284                        1
      3000              0        11.4844              6.84266e-05                 0.137957              9.72843e-09              2.24876e-06              1.98147e-05              1.92205e-05                 0.218119              4.19116e-08              0.000562562               0.00150362                0.0351905               0.00042219              5.32454e-05              1.75543e-06              0.000911942              3.56426e-06                0.0225999                 0.563224              8.01011e-07                0.0193407                        1
      3050       0.115093        12.2692              0.000109245                 0.157272              1.23846e-08              3.01634e-06              2.85957e-05              1.68749e-05                 0.215676              3.72558e-08              0.000728042               0.00212197                0.0389916              0.000712876              8.20416e-05              3.48482e-06               0.00116575              7.06903e-06                0.0235178                  0.54111              7.01278e-07                0.0184524                        1
      3100       0.273704        13.1062              0.000171772                  0.17801               1.5623e-08              4.00072e-06               4.0655e-05              1.47061e-05                 0.212988               3.3149e-08              0.000932583               0.00295185                0.0427959               0.00118271              0.000124215              6.76396e-06                 0.001469              1.37038e-05                0.0243212                 0.517406              6.12064e-07                0.0175667                        1
      3150       0.454415        13.9986              0.000266193                 0.200041              1.95341e-08              5.24941e-06              5.69625e-05              1.27085e-05                 0.210033                2.951e-08               0.00118288               0.00404902                0.0465179               0.00192963              0.000184893              1.28502e-05               0.00182482              2.59947e-05                0.0249927                 0.492177              5.32156e-07                0.0166863                        1
      3200       0.663884        14.9502              0.000406847                 0.223181              2.42124e-08              6.81657e-06              7.86783e-05              1.08775e-05                 0.206786              2.62698e-08               0.00148618               0.00547804                0.0500593               0.00309846              0.000270677              2.39192e-05               0.00223437              4.82989e-05                0.0255149                 0.465503              4.60517e-07                0.0158125                        1
      3250       0.912027        15.9651              0.000613668                 0.247172              2.97527e-08              8.76267e-06              0.000107152              9.20874e-06                  0.20321              2.33693e-08               0.00185009               0.00731133                 0.053309               0.00490024              0.000389855              4.36633e-05               0.00269599              8.79859e-05                0.0258691                 0.437476              3.96252e-07                0.0149455                        1
      3300         1.2136        17.0479              0.000914037                 0.271677              3.62438e-08              1.11535e-05              0.000143902              7.69789e-06                 0.199251              2.07565e-08               0.00228232               0.00962705                0.0561431               0.00763828              0.000552535               7.8236e-05               0.00320421              0.000157291                0.0260353                 0.408193              3.38575e-07                0.0140838                        1
      3350        1.59055         18.202               0.00134514                 0.296255               4.3758e-08              1.40579e-05              0.000190558              6.34013e-06                 0.194832              1.83854e-08               0.00279025                0.0125049                0.0584244                0.0117427              0.000770616              0.000137714               0.00374852              0.000276171                 0.025991                 0.377746              2.86791e-07                 0.013224                        1
      3400        2.07567        19.4286               0.00195695                 0.320337              5.23345e-08              1.75436e-05              0.000248753               5.1302e-06                 0.189844              1.62141e-08               0.00338011                 0.016019                0.0600008                0.0178157               0.00105746              0.000238325               0.00431196               0.00047663                  0.02571                 0.346219              2.40284e-07                0.0123607                        1
      3450         2.7183        20.7238               0.00281587                 0.343186              6.19532e-08              2.16698e-05              0.000319931              4.06246e-06                 0.184137              1.42043e-08               0.00405582                0.0202262                0.0607047                0.0266906               0.00142706              0.000405792               0.00486933              0.000809171                0.0251611                  0.31368              1.98512e-07                 0.011486                        1
      3500        3.59378        22.0752               0.00400936                 0.363842              7.24942e-08              2.64749e-05              0.000405019              3.13114e-06                 0.177501              1.23205e-08               0.00481699                0.0251475                0.0603513                0.0395068                0.0018923              0.000680271               0.00538525               0.00135226                0.0243066                 0.280183              1.61012e-07                0.0105896                        1
