   "Tw[K]"          "B'c"    "hw[MJ/kg]"                      "C"                      "H"                      "O"                      "N"                     "CH"                    "CH4"                     "CO"                    "CO2"                     "CN"                    "C2H"         "C2H2,acetylene"                     "C3"                    "C3H"                     "C4"         "C4H2,butadiyne"                     "C5"                    "HCN"                     "H2"                    "H2O"                     "N2"                  "C(gr)"
       300              0       -4.19626              6.0883e-117              3.17631e-38              8.02899e-76               7.7252e-80             5.22712e-101                0.0291023              1.40084e-11                0.0335822              1.21605e-71              2.67072e-94              3.07082e-42             7.52049e-135              3.1375e-119             2.58706e-172              7.03571e-79             6.08759e-174              1.28419e-24              1.41186e-05                 0.363007                 0.574294                        1
       350              0       -4.06982              4.14904e-99              2.74312e-32              1.18712e-64              4.45476e-68              1.23099e-85                 0.042561              2.33361e-09                0.0471075              9.99595e-61              1.06153e-79              1.52085e-35             5.99622e-114             6.96756e-101              6.1251e-146              1.16637e-66             2.97799e-147              8.46725e-21              0.000147851                 0.335928                 0.574256                        1
       400              0       -3.95047              1.00687e-85              7.93082e-28              2.84273e-56              2.98709e-59              4.23049e-74                0.0544858              1.08051e-07                 0.059393              1.54911e-52              9.68219e-69              1.61147e-30               2.9203e-98              4.14254e-87             3.87468e-126              1.76382e-57             3.27409e-127              6.21463e-18              0.000872591                 0.311201                 0.574047                        1
       450              0       -3.83728              2.63097e-75              2.37384e-24              9.39449e-50              2.21056e-52              4.00791e-65                0.0639477              2.12906e-06                0.0701626              3.64959e-46              3.28516e-60              1.31113e-26              4.70643e-86              2.18215e-76              1.0043e-110              2.48741e-50             1.31148e-111              1.05348e-15               0.00350167                 0.289094                 0.573292                        1
       500              0       -3.72545              5.73097e-67              1.44519e-21               1.5516e-44              6.96458e-47              6.09466e-58                0.0699785              2.30931e-05                0.0797368              4.57521e-41              2.20347e-53               1.7544e-23              2.76082e-76              8.30963e-68              2.19099e-98              1.31396e-44              4.06643e-99              6.37138e-14                0.0106415                 0.268384                 0.571236                        1
       550              0       -3.60738              3.83071e-60              2.74309e-19              2.90593e-40              2.20477e-42              4.55436e-52                0.0712978              0.000162546                0.0886711              6.77389e-37              8.44219e-48              6.23338e-21              2.71553e-68              8.68669e-61               2.7588e-88              6.26745e-40              6.84011e-89              1.80688e-12                0.0260808                 0.247025                 0.566762                        1
       600              0       -3.47304               1.8742e-54              2.15239e-17              1.06509e-36              1.24278e-38              3.51803e-47                0.0667773              0.000828283                0.0974458              2.01534e-33              3.74041e-43              8.04958e-19              1.24129e-61              6.05672e-55              7.24651e-80              4.82951e-36              2.28954e-80              2.87388e-11                0.0534625                 0.222778                 0.558709                        1
       650              0       -3.31012              1.22567e-49              8.47335e-16              1.11192e-33              1.85388e-35              4.69357e-43                0.0565558               0.00328834                 0.106003              1.74133e-30              3.11893e-39              4.67931e-17              5.34466e-56              5.20179e-50              9.67391e-73              8.96622e-33              3.75426e-73              2.89697e-10                0.0936699                 0.194027                 0.546457                        1
       700              0       -3.10291              1.64771e-45              1.92267e-14              4.29794e-31              9.71845e-33              1.56147e-39                0.0428544                 0.010658                 0.112942              5.68814e-28              6.93586e-36              1.42785e-15              3.59222e-51              8.53602e-46              1.24066e-66              5.34199e-30              5.74362e-67              2.02155e-09                 0.142572                 0.160675                 0.530298                        1
       750              0       -2.82898              6.24435e-42              2.79213e-13               7.3816e-29              2.20502e-30              1.70084e-36                0.0291527                0.0288969                 0.114628              8.52687e-26              5.32811e-33               2.5749e-14              5.46026e-47              3.70464e-42              2.43923e-61                1.268e-27              1.31566e-61              1.04518e-08                 0.191889                 0.124534                   0.5109                        1
       800      0.0134045       -2.45936              8.45499e-39              2.81806e-12              6.37175e-27              2.53047e-28              7.47019e-34                0.0181254                 0.065852                  0.10562              6.78105e-24              1.72368e-30              3.02292e-13              2.47928e-43              5.44885e-39              1.04414e-56              1.42156e-25              6.43599e-57              4.22751e-08                 0.233233                0.0887533                 0.488416                        1
       850      0.0404993       -1.98357              4.90343e-36              2.11197e-11              2.99323e-25                1.655e-26              1.55621e-31                0.0105695                  0.12475                0.0826973              3.19691e-22              2.74114e-28              2.50333e-12              4.16082e-40              3.29367e-36              1.27284e-52              8.62831e-24              8.82337e-53               1.3991e-07                 0.261789                0.0568906                 0.463304                        1
       900      0.0737919       -1.46553              1.40255e-33              1.24122e-10              8.08614e-24              6.79158e-25              1.75018e-29               0.00597033                 0.193472                0.0515584              9.77386e-21              2.42448e-26              1.56609e-11              3.04612e-37              9.53654e-34              5.44569e-49              3.17261e-22              4.18872e-49              3.94844e-07                  0.27781                0.0322191                  0.43897                        1
       950       0.102104       -1.03664               2.2119e-31              5.99033e-10              1.34168e-22              1.89441e-23              1.18052e-27               0.00339112                 0.248159                0.0254227              2.08857e-19              1.31877e-24              7.86034e-11              1.10887e-34              1.49721e-31              9.64477e-46              7.76987e-21              8.13849e-46              9.88653e-07                 0.285664                0.0163512                 0.421011                        1
      1000       0.118703      -0.758937              2.10264e-29              2.46095e-09              1.51177e-21              3.82013e-22              5.19016e-26               0.00198772                 0.278405                0.0108493              3.30437e-18              4.77639e-23              3.31481e-10              2.22881e-32              1.40617e-29              8.07006e-43              1.36472e-19              7.39822e-43              2.25964e-06                 0.289723               0.00787368                 0.411159                        1
      1050       0.126349      -0.588219              1.29504e-27              8.83005e-09              1.28094e-20              5.82433e-21              1.58561e-24               0.00121116                 0.291798               0.00449183              4.03474e-17               1.2243e-21              1.21103e-09              2.69262e-30              8.52583e-28              3.55048e-40              1.81287e-18              3.50667e-40              4.78294e-06                 0.292023               0.00382012                 0.406651                        1
      1100       0.129587      -0.468772              5.48262e-26              2.82125e-08              8.74764e-20              6.95755e-20              3.54098e-23              0.000766538                 0.297343                0.0019259              3.92952e-16              2.33056e-20              3.91688e-09              2.09573e-28              3.54596e-26              8.96527e-38              1.89584e-17              9.47043e-38              9.46191e-06                 0.293353               0.00192758                 0.404674                        1
      1150       0.130967       -0.37074               1.6753e-24              8.15252e-08              5.01892e-19              6.71288e-19              6.02497e-22              0.000502631                 0.299682              0.000874497              3.13973e-15              3.42708e-19              1.14078e-08              1.11295e-26              1.06318e-24              1.39684e-35              1.61196e-16              1.56816e-35               1.7635e-05                 0.294127               0.00102121                 0.403775                        1
      1200       0.131584      -0.281433              3.84836e-23              2.15804e-07              2.48529e-18              5.36925e-18              8.08344e-21               0.00034047                 0.300718              0.000421902              2.10848e-14              4.02201e-18              3.03335e-08              4.23019e-25              2.39471e-23              1.42642e-33              1.14426e-15              1.69236e-33                3.119e-05                 0.294582              0.000567944                 0.403338                        1
      1250       0.131879      -0.195651              6.87691e-22              5.28882e-07               1.0832e-17              3.64008e-17              8.80081e-20              0.000237538                 0.301203               0.00021556              1.21486e-13               3.8714e-17              7.44769e-08              1.19796e-23              4.19439e-22              1.00435e-31              6.93231e-15              1.25309e-31              5.26754e-05                 0.294853              0.000330453                 0.403107                        1
      1300       0.132038      -0.111196              9.84054e-21              1.21077e-06              4.22008e-17              2.13166e-16              7.96633e-19              0.000170211                 0.301443              0.000116049              6.11218e-13              3.12747e-16              1.70452e-07               2.6151e-22              5.88172e-21               5.0899e-30              3.65129e-14              6.64851e-30              8.54028e-05                 0.295013              0.000200319                 0.402971                        1
      1350       0.132143     -0.0270778              1.15575e-19              2.60888e-06               1.4885e-16              1.09587e-15              6.11999e-18              0.000124943                 0.301567              6.54911e-05              2.72589e-12              2.16229e-15              3.66539e-07              4.52981e-21              6.76901e-20              1.92573e-28              1.69838e-13              2.62304e-28              0.000133533                 0.295103              0.000126002                 0.402878                        1
      1400       0.132232      0.0571836              1.13792e-18              5.32531e-06              4.80467e-16              5.01497e-15              4.06124e-17              9.37337e-05                 0.301633              3.85583e-05              1.09161e-11              1.30107e-14              7.45622e-07              6.38265e-20              6.53049e-19              5.61254e-27              7.07069e-13              7.94342e-27              0.000202142                 0.295142              8.19344e-05                 0.402802                        1
      1450       0.132327        0.14185              9.56496e-18               1.0355e-05              1.43237e-15              2.06752e-14              2.36362e-16              7.17183e-05                  0.30167              2.35826e-05              3.96926e-11              6.91216e-14              1.44317e-06              7.47389e-19              5.37907e-18              1.29462e-25              2.66516e-12              1.89766e-25              0.000297257                 0.295143              5.48971e-05                 0.402728                        1
      1500       0.132442       0.227092              6.97332e-17              1.92734e-05              3.97533e-15              7.75923e-14              1.22242e-15              5.58609e-05                 0.301691              1.49266e-05              1.32321e-10              3.28301e-13              2.67114e-06              7.40924e-18              3.84314e-17              2.41942e-24              9.18639e-12              3.66219e-24              0.000425871                 0.295108              3.77882e-05                 0.402645                        1
      1550       0.132588       0.313041              4.47055e-16              3.44821e-05              1.03422e-14              2.67491e-13              5.68277e-15              4.42187e-05                 0.301701              9.74512e-06              4.07829e-10              1.40927e-12              4.74831e-06              6.31972e-17              2.41473e-16              3.73882e-23               2.9207e-11              5.82837e-23              0.000595922                 0.295037              2.66542e-05                 0.402545                        1
      1600       0.132775       0.399826              2.55082e-15              5.95174e-05              2.53743e-14              8.53815e-13               2.3985e-14              3.55205e-05                 0.301706              6.54335e-06              1.17073e-09              5.51948e-12              8.13754e-06              4.70391e-16              1.35048e-15              4.86364e-22              8.63046e-11              7.78916e-22              0.000816249                 0.294927              1.92215e-05                 0.402422                        1
      1650       0.133013       0.487587              1.30916e-14              9.94277e-05              5.90226e-14              2.54102e-12              9.27207e-14              2.89164e-05                 0.301705              4.50694e-06              3.15045e-09              1.98887e-11              1.34896e-05               3.0935e-15              6.79436e-15               5.4101e-21              2.38598e-10              8.88123e-21               0.00109651                  0.29477               1.4143e-05                 0.402269                        1
      1700       0.133313       0.576488              6.10048e-14              0.000161218              1.30772e-13              7.09438e-12              3.30854e-13              2.38273e-05                 0.301699              3.17719e-06              7.99289e-09              6.64216e-11               2.1693e-05              1.81732e-14              3.10383e-14              5.21766e-20              6.20755e-10              8.76161e-20               0.00144709                 0.294557              1.05986e-05                 0.402077                        1
      1750       0.133685       0.666722              2.60245e-13              0.000254363              2.77127e-13              1.86829e-11              1.09722e-12              1.98513e-05                 0.301687              2.28773e-06              1.92153e-08              2.06932e-10              3.39289e-05              9.62981e-14              1.29816e-13               4.4167e-19              1.52769e-09              7.57212e-19               0.00187894                 0.294277              8.07604e-06                 0.401839                        1
      1800       0.134142       0.758526              1.02388e-12               0.00039137              5.63778e-13               4.6634e-11              3.40246e-12               1.6705e-05                 0.301667              1.67952e-06              4.39696e-08              6.04872e-10              5.17288e-05              4.64254e-13              5.00753e-13              3.31743e-18              3.57272e-09              5.79653e-18               0.00240348                 0.293914              6.24836e-06                 0.401547                        1
      1850       0.134697        0.85218              3.73946e-12              0.000588404              1.10466e-12              1.10805e-10               9.9194e-12              1.41852e-05                 0.301638              1.25511e-06               9.6152e-08              1.66744e-09              7.70326e-05              2.05204e-12              1.79317e-12              2.23258e-17              7.97206e-09              3.96928e-17               0.00303234                 0.293452              4.90203e-06                 0.401191                        1
      1900       0.135363       0.948021              1.27531e-11              0.000865926              2.09079e-12              2.51592e-10              2.73194e-11              1.21442e-05                 0.301597              9.53379e-07               2.0166e-07              4.35486e-09              0.000112245              8.37331e-12              5.99593e-12              1.35796e-16              1.70341e-08              2.45288e-16               0.00377721                 0.292869              3.89499e-06                 0.400761                        1
      1950       0.136154        1.04645              4.08282e-11               0.00124935              3.83262e-12              5.47787e-10              7.13885e-11              1.04732e-05                  0.30154              7.35141e-07              4.06938e-07              1.08198e-08              0.000160282              3.17375e-11              1.88191e-11              7.52367e-16              3.49658e-08              1.37878e-15               0.00464959                  0.29214              3.13095e-06                 0.400247                        1
      2000       0.137086        1.14792              1.23282e-10               0.00176968              6.82043e-12              1.14726e-09              1.77682e-10              9.09112e-06                 0.301461              5.74755e-07              7.92391e-07              2.56671e-08              0.000224613              1.12363e-10              5.57039e-11              3.82368e-15              6.91496e-08              7.09996e-15                0.0056605                 0.291235              2.54355e-06                 0.399635                        1
      2050       0.138175        1.25299              3.52613e-10               0.00246407              1.18081e-11              2.31772e-09              4.22703e-10              7.93669e-06                 0.301357              4.55129e-07              1.49274e-06              5.83295e-08              0.000309274              3.73451e-10              1.56152e-10              1.79387e-14              1.32091e-07              3.37094e-14               0.00682021                 0.290123              2.08633e-06                 0.398915                        1
      2100       0.139436        1.36226              9.59035e-10               0.00337634              1.99269e-11               4.5281e-09              9.64194e-10              6.96321e-06                 0.301219              3.64667e-07              2.72697e-06              1.27362e-07              0.000418869              1.17049e-09              4.16139e-10              7.81352e-14              2.44278e-07              1.48424e-13               0.00813791                 0.288765              1.72628e-06                  0.39807                        1
      2150       0.140885        1.47643              2.48907e-09               0.00455732              3.28353e-11              8.57481e-09              2.11477e-09              6.13469e-06                  0.30104              2.95379e-07              4.84123e-06              2.67918e-07              0.000558529               3.4739e-09               1.0579e-09              3.17617e-13              4.38244e-07              6.09254e-13               0.00962136                  0.28712              1.43964e-06                 0.397089                        1
      2200       0.142538        1.59627              6.18431e-09               0.00606495              5.29137e-11              1.57722e-08              4.47135e-09              5.42318e-06                 0.300812              2.41668e-07               8.3685e-06              5.44275e-07              0.000733842              9.79949e-09              2.57347e-09              1.21063e-12              7.64109e-07              2.34271e-12                0.0112765                 0.285141              1.20908e-06                 0.395955                        1
      2250       0.144411        1.72265              1.47524e-08               0.00796424              8.35107e-11              2.82323e-08              9.13475e-09              4.80676e-06                 0.300525              1.99563e-07              1.41098e-05              1.07014e-06              0.000950726              2.63638e-08              6.00723e-09              4.34546e-12               1.2969e-06              8.47539e-12                0.0131069                 0.282778               1.0218e-06                 0.394653                        1
      2300       0.146519        1.85648              3.38772e-08                0.0103268              1.29249e-10              4.92649e-08              1.80694e-08              4.26819e-06                 0.300167              1.66208e-07              2.32417e-05              2.04043e-06               0.00121525               6.7855e-08              1.34901e-08              1.47463e-11              2.14584e-06              2.89635e-11                0.0151136                 0.279978               8.6827e-07                 0.393166                        1
      2350       0.148875        1.99877              7.50721e-08                0.0132301              1.96397e-10              8.39372e-08              3.46735e-08              3.79377e-06                 0.299727              1.39523e-07              3.74564e-05              3.77956e-06                0.0015334              1.67557e-07              2.92108e-08                4.748e-11               3.4656e-06              9.38372e-11                0.0172944                 0.276685              7.41292e-07                 0.391481                        1
      2400        0.15149        2.15058              1.60896e-07                0.0167562              2.93314e-10              1.39838e-07              6.46548e-08              3.37264e-06                 0.299191              1.17974e-07              5.91392e-05              6.81235e-06               0.00191077              3.97997e-07              6.11175e-08              1.45529e-10              5.46935e-06               2.8919e-10                0.0196435                 0.272843              6.35398e-07                  0.38958                        1
      2450       0.154377        2.31302              3.34194e-07                0.0209898              4.30973e-10              2.28102e-07              1.17334e-07              2.99616e-06                 0.298546               1.0042e-07              9.15905e-05              1.19652e-05               0.00235216              9.11545e-07              1.23795e-07                4.259e-10              8.44299e-06              8.50372e-10                0.0221511                 0.268395              5.46389e-07                 0.387449                        1
      2500       0.157541         2.4872               6.7399e-07                0.0260162              6.23556e-10              3.64749e-07              2.07527e-07              2.65745e-06                 0.297779              8.60011e-08              0.000139296              2.05061e-05               0.00286121               2.0175e-06              2.43165e-07              1.19342e-09              1.27594e-05              2.39263e-09                0.0248029                 0.263287              4.71019e-07                 0.385074                        1
      2550       0.160991        2.67431               1.3221e-06                0.0319184              8.89133e-10              5.72414e-07              3.58178e-07              2.35109e-06                 0.296875              7.40658e-08              0.000208253              3.43321e-05               0.00343984              4.32381e-06              4.63914e-07              3.21012e-09              1.88913e-05              6.45827e-09                  0.02758                 0.257471               4.0676e-07                 0.382444                        1
      2600        0.16473        2.87549              2.52657e-06                0.0387733              1.25041e-09              8.82529e-07              6.03938e-07              2.07284e-06                 0.295821              6.41132e-08              0.000306353              5.62131e-05               0.00408778              8.98986e-06              8.60844e-07              8.30832e-09              2.74197e-05              1.67637e-08                0.0304582                 0.250905              3.51627e-07                 0.379549                        1
      2650       0.168764        3.09194              4.71077e-06                0.0466479              1.73554e-09              1.33803e-06              9.95865e-07              1.81938e-06                 0.294603              5.57565e-08              0.000443831              9.00976e-05               0.00480205              1.81646e-05              1.55568e-06              2.07358e-08              3.90359e-05              4.19376e-08                0.0334086                 0.243557              3.04056e-07                 0.376379                        1
      2700         0.1731        3.32484              8.58114e-06                0.0555945              2.37901e-09              1.99669e-06              1.60741e-06               1.5882e-06                  0.29321              4.86941e-08               0.00063377              0.000141483               0.00557648              3.57258e-05               2.7411e-06              5.00055e-08              5.45328e-05              1.01323e-07                 0.036397                  0.23541              2.62806e-07                  0.37293                        1
      2750       0.177751        3.57543              1.52912e-05                0.0656462              3.22248e-09              2.93506e-06              2.54174e-06              1.37739e-06                 0.291631              4.26892e-08              0.000892677              0.000217847               0.00640136              6.84962e-05               4.7141e-06              1.16741e-07              7.47827e-05               2.3687e-07                0.0393844                 0.226459              2.26889e-07                 0.369197                        1
      2800       0.182743        3.84506              2.66868e-05                0.0768111              4.31576e-09              4.25325e-06               3.9404e-06              1.18556e-06                 0.289854               3.7554e-08               0.00124111              0.000329121               0.00726313              0.000128198              7.92049e-06              2.64294e-07              0.000100697              5.36758e-07                0.0423275                 0.216721              1.95511e-07                 0.365179                        1
      2850       0.188128        4.13533              4.56652e-05                0.0890678              5.71769e-09              6.08036e-06                5.993e-06              1.01162e-06                 0.287872              3.31389e-08               0.00170437               0.00048819               0.00814435              0.000234521              1.30124e-05              5.81187e-07              0.000133168              1.18094e-06                 0.045179                 0.206229               1.6803e-07                 0.360874                        1
      2900       0.193998        4.44825              7.66922e-05                  0.10236              7.49687e-09               8.5808e-06              8.94753e-06              8.54792e-07                 0.285673              2.93233e-08                0.0023132              0.000711361               0.00902387              0.000419846              2.09195e-05              1.24326e-06              0.000172985              2.52653e-06                0.0478884                 0.195039              1.43927e-07                 0.356278                        1
      2950       0.200509        4.78658              0.000126535                  0.11659              9.73236e-09              1.19613e-05              1.31203e-05              7.14388e-07                 0.283246              2.60092e-08               0.00310457               0.00101876               0.00987719              0.000736357              3.29329e-05              2.59081e-06              0.000220737              5.26363e-06                0.0504025                 0.183227              1.22771e-07                 0.351383                        1
      3000       0.207925        5.15427               0.00020528                 0.131619              1.25139e-08              1.64783e-05              1.89044e-05              5.89795e-07                 0.280572              2.31161e-08                0.0041223               0.00143454                0.0106771               0.00126657              5.07993e-05               5.2663e-06              0.000276692              1.06928e-05                0.0526659                 0.170888              1.04207e-07                 0.346171                        1
      3050       0.216666        5.55711              0.000327734                 0.147257              1.59416e-08              2.24461e-05              2.67747e-05              4.80368e-07                 0.277623              2.05768e-08               0.00541772               0.00198684                0.0113946               0.00213863              7.68171e-05              1.04545e-05              0.000340667              2.12071e-05                 0.054621                 0.158129              8.79323e-08                 0.340606                        1
      3100         0.2274        6.00365              0.000515316                 0.163261              2.01243e-08              3.02437e-05              3.72865e-05              3.85379e-07                 0.274354              1.83343e-08               0.00704992               0.00270727                0.0119994               0.00354814              0.000113923              2.02919e-05              0.000411886              4.11114e-05                 0.056208                 0.145073              7.36866e-08                 0.334628                        1
      3150       0.241157        6.50641               0.00079858                 0.179329              2.51759e-08              4.03201e-05              5.10646e-05              3.03987e-07                 0.270694              1.63392e-08                0.0090856               0.00362979                0.0124613                0.0057889              0.000165749              3.85507e-05              0.000488835              7.79842e-05                0.0573634                 0.131845              6.12421e-08                 0.328141                        1
      3200       0.259519        7.08337               0.00122054                 0.195091              3.12079e-08              5.31955e-05               6.8776e-05              2.35229e-07                 0.266532              1.45475e-08                0.0115979               0.00478858                0.0127505               0.00929537               0.00023661              7.17575e-05              0.000569112              0.000144897                 0.058018                 0.118567              5.03957e-08                 0.320994                        1
      3250       0.284903        7.75977                 0.001841                 0.210094              3.83161e-08              6.94526e-05              9.10784e-05               1.7803e-07                 0.261699              1.29192e-08                0.0146637               0.00621457                0.0128383                0.0147007              0.000331373               0.00013099               0.00064927              0.000263958                0.0580932                 0.105357               4.0965e-08                 0.312963                        1
      3300       0.321008        8.56981               0.00274211                 0.223777              4.65569e-08              8.97126e-05              0.000118531              1.31238e-07                 0.255948              1.14165e-08                0.0183578                0.0079297                 0.012697                0.0229148              0.000455117              0.000234708              0.000724646              0.000471873                0.0574973                0.0923146               3.2786e-08                 0.303727                        1
      3350       0.373568        9.55785               0.00403543                 0.235442              5.59067e-08               0.00011458              0.000151442              9.36711e-08                 0.248924              1.00038e-08                0.0227423               0.00993798                0.0123001                0.0352281              0.000612429              0.000413142              0.000789178              0.000828514                0.0561191                0.0795269              2.57137e-08                 0.292835                        1
      3400       0.451678         10.778               0.00587084                 0.244195              6.61961e-08              0.000144537              0.000189626              6.41631e-08                 0.240127               8.6469e-09                 0.027848                0.0122114                0.0116223                0.0534472              0.000806109              0.000714976              0.000835239               0.00142989                0.0538236                0.0670636              1.96238e-08                  0.27967                        1
      3450       0.570326        12.2901               0.00844761                 0.248871              7.70031e-08              0.000179741              0.000232007              4.16108e-08                 0.228868              7.31452e-09                0.0336412                0.0146676                0.0106412                0.0800719               0.00103487               0.00121738              0.000853568               0.00242751                0.0504483                0.0549864              1.44171e-08                 0.263412                        1
      3500       0.755696        14.1505                0.0120281                 0.247927              8.74871e-08              0.000219657              0.000275985              2.50023e-08                 0.214211              5.98118e-09                0.0399655                0.0171358               0.00934083                  0.11852               0.00128944               0.00204081              0.000833498               0.00405679                0.0458061                0.0433652              1.00248e-08                 0.242984                        1
