   "Tw[K]"          "B'c"    "hw[MJ/kg]"                      "C"                      "H"                      "O"                      "N"                     "CH"                    "CH4"                     "CO"                    "CO2"                     "CN"                    "C2H"         "C2H2,acetylene"                     "C3"                    "C3H"                     "C4"         "C4H2,butadiyne"                     "C5"                    "HCN"                     "H2"                    "H2O"                     "N2"                  "C(gr)"
       300              0       -3.94178             1.52208e-117              9.56506e-39              4.96659e-76               3.9726e-80             1.57408e-101                0.0153167              8.66537e-12                0.0514001               6.2534e-72              8.04255e-95              1.11389e-42             1.88012e-135             9.44817e-120             6.46765e-173               2.5521e-79              1.5219e-174              7.95459e-25              5.12129e-06                 0.325809                 0.607469                        1
       350              0        -3.8335              1.03726e-99              8.59743e-33              6.83105e-65              2.29086e-68              3.85814e-86                0.0262837              1.34283e-09                0.0623926              5.14041e-61              3.32703e-80              5.97575e-36             1.49905e-114             2.18376e-101             1.53128e-146              4.58295e-67             7.44496e-148              5.45883e-21              5.80939e-05                 0.303812                 0.607453                        1
       400              0       -3.72818              2.51717e-86              2.53923e-28              1.57468e-56              1.53627e-59              1.35449e-74                0.0366437               5.9853e-08                 0.072897              7.96715e-53              3.09997e-69              6.60771e-31              7.30075e-99              1.32633e-87             9.68671e-127               7.2324e-58             8.18523e-128              4.09335e-18              0.000357798                 0.282739                 0.607362                        1
       450              0       -3.62751              6.57743e-76              7.70569e-25              5.08525e-50              1.13733e-52              1.30101e-65                 0.045441              1.15247e-06                0.0822326              1.87771e-46              1.06639e-60              5.52622e-27              1.17661e-86              7.08345e-77             2.51076e-111               1.0484e-50             3.27869e-112              7.03771e-16                0.0014759                 0.263827                 0.607022                        1
       500              0       -3.52952              1.43274e-67              4.74732e-22               8.2621e-45               3.5869e-47              2.00204e-58                0.0521481              1.22969e-05                0.0904363              2.35633e-41              7.23821e-54              7.57245e-24              6.90204e-77              2.72964e-68              5.47748e-99              5.67139e-45              1.01661e-99              4.31163e-14               0.00459314                 0.246738                 0.606072                        1
       550              0       -3.43026              9.57677e-61              9.13852e-20              1.52612e-40              1.13796e-42              1.51727e-52                0.0562078              8.53649e-05                0.0978249              3.49623e-37              2.81249e-48              2.76729e-21              6.78882e-69              2.89394e-61              6.89699e-89              2.78241e-40              1.71003e-89              1.24276e-12                0.0115785                 0.230375                 0.603928                        1
       600              0       -3.32419              4.68549e-55               7.3137e-18              5.52096e-37              6.43859e-39              1.19541e-47                0.0569741              0.000429347                 0.104733              1.04411e-33              1.27097e-43              3.71764e-19              3.10323e-62              2.05804e-55              1.81163e-80              2.23048e-36              5.72386e-81              2.02368e-11                0.0246913                 0.213332                 0.599841                        1
       650     0.00116765       -3.20394              3.06419e-50              2.96131e-16              5.69582e-34              9.65659e-36              1.64033e-43                0.0539974               0.00168446                 0.111262              9.07029e-31              1.09002e-39              2.28612e-17              1.33616e-56              1.81795e-50              2.41848e-73              4.38054e-33              9.38566e-74              2.10948e-10                0.0457634                 0.194234                 0.593059                        1
       700      0.0043906       -3.05938              4.11928e-46              6.97435e-15              2.18654e-31               5.0951e-33              5.66411e-40                0.0474869               0.00542216                 0.116925              2.98213e-28              2.51594e-36              7.51521e-16              8.98055e-52              3.09638e-46              3.10165e-67              2.81166e-30               1.4359e-67               1.5378e-09                0.0750403                 0.172094                 0.583032                        1
       750     0.00880811       -2.87586              1.56109e-42               1.0587e-13              3.77896e-29              1.16398e-30              6.44913e-37                0.0385664                0.0147936                 0.120169              4.50115e-26              2.02028e-33              1.48079e-14              1.36507e-47               1.4047e-42              6.09807e-62               7.2921e-28              3.28915e-62              8.36803e-09                 0.110353                 0.146658                 0.569459                        1
       800      0.0169053       -2.63283              2.11375e-39              1.12022e-12              3.36831e-27              1.34522e-28               2.9695e-34                0.0289651                0.0348114                 0.118062              3.60486e-24              6.85186e-31              1.91069e-13               6.1982e-44              2.16599e-39              2.61035e-57              8.98525e-26                1.609e-57              3.57346e-08                 0.147419                 0.118621                 0.552121                        1
       850      0.0313894        -2.3082              1.22586e-36              8.78795e-12              1.70228e-25              8.85772e-27               6.4754e-32                0.0202783                0.0709466                 0.106988              1.71102e-22              1.14059e-28              1.73371e-12              1.04021e-40               1.3705e-36               3.1821e-53              5.97564e-24              2.20584e-53              1.24633e-07                 0.181305                0.0896293                 0.530853                        1
       900      0.0535648       -1.89767              3.50638e-34              5.37258e-11              5.20213e-24              3.64739e-25              7.57561e-30                0.0134126                 0.124468                0.0853571              5.24901e-21              1.04943e-26              1.17367e-11              7.61531e-38              4.12786e-34              1.36142e-49              2.37763e-22              1.04718e-49               3.6714e-07                 0.208198                0.0621357                 0.506428                        1
       950      0.0807302       -1.44614              5.52974e-32              2.66844e-10              1.00763e-22              1.01348e-23              5.25871e-28               0.00854576                 0.186374                0.0573576              1.11736e-19              5.87455e-25                6.239e-11              2.77216e-35              6.66945e-32              2.41119e-46              6.16719e-21              2.03462e-46              9.42442e-07                 0.226741                0.0389886                 0.481993                        1
      1000       0.105741       -1.04419               5.2566e-30               1.1158e-09              1.30116e-21              2.02544e-22              2.35324e-26                0.0053762                 0.239618                0.0321474              1.75198e-18              2.16563e-23              2.72576e-10              5.57202e-33              6.37561e-30              2.01751e-43              1.12221e-19              1.84956e-43              2.17282e-06                 0.238239                  0.02229                 0.462327                        1
      1050       0.122782      -0.753036               3.2376e-28               4.0449e-09              1.20173e-20              3.06301e-21              7.26339e-25               0.00341318                 0.273754                0.0158139              2.12186e-17              5.60829e-22              1.01649e-09              6.73154e-31              3.90554e-28              8.87619e-41              1.52165e-18              8.76666e-41              4.60894e-06                 0.245112                0.0120327                  0.44987                        1
      1100       0.132031      -0.560485              1.37065e-26              1.30021e-08              8.57573e-20              3.64072e-20               1.6319e-23               0.00221306                   0.2915               0.00740379              2.05622e-16              1.07407e-20              3.32767e-09              5.23934e-29              1.63419e-26              2.24132e-38              1.61066e-17              2.36761e-38              9.12724e-06                 0.249225               0.00642174                 0.443228                        1
      1150       0.136521      -0.426183              4.18825e-25              3.77074e-08              5.02252e-19              3.50347e-19               2.7867e-22               0.00147221                 0.299897                 0.003503              1.63863e-15              1.58511e-19              9.76187e-09              2.78237e-27              4.91746e-25               3.4921e-36              1.37938e-16              3.92039e-36              1.70279e-05                  0.25169               0.00349797                 0.439923                        1
      1200       0.138646      -0.320576              9.62089e-24              1.00032e-07              2.51094e-18              2.79847e-18              3.74692e-21               0.00100593                 0.303822               0.00172262              1.09894e-14              1.86432e-18              2.60698e-08              1.05755e-25              1.11002e-23              3.56604e-34              9.83421e-16              4.23091e-34              3.01412e-05                 0.253176                0.0019726                 0.438271                        1
      1250       0.139673      -0.228313              1.71923e-22              2.45478e-07              1.09939e-17               1.8959e-17              4.08486e-20              0.000705558                 0.305706              0.000888215              6.32746e-14              1.79689e-17              6.41787e-08               2.9949e-24              1.94681e-22              2.51089e-32              5.97376e-15              3.13271e-32              5.09362e-05                 0.254083               0.00115607                  0.43741                        1
      1300       0.140194      -0.142189              2.46013e-21              5.62443e-07              4.29296e-17              1.10984e-16              3.70062e-19              0.000507263                 0.306649              0.000480366              3.18227e-13              1.45281e-16              1.47128e-07              6.53775e-23              2.73226e-21              1.27247e-30              3.15166e-14              1.66213e-30              8.26207e-05                 0.254645              0.000703577                 0.436932                        1
      1350       0.140481     -0.0588432              2.88938e-20              1.21256e-06              1.51601e-16              5.70438e-16              2.84446e-18              0.000373155                  0.30714              0.000271737              1.41892e-12              1.00499e-15              3.16722e-07              1.13245e-21              3.14611e-20              4.81432e-29              1.46755e-13               6.5576e-29              0.000129225                 0.254995              0.000443558                 0.436646                        1
      1400       0.140662      0.0233439              2.84481e-19              2.47598e-06              4.89664e-16              2.61013e-15              1.88825e-17              0.000280339                 0.307407              0.000160195              5.68149e-12              6.04927e-15              6.44738e-07              1.59566e-20              3.03632e-19              1.40313e-27              6.11401e-13              1.98585e-27              0.000195665                 0.255209              0.000288819                 0.436455                        1
      1450       0.140802       0.105196              2.39124e-18              4.81564e-06              1.46033e-15                1.076e-14              1.09922e-16              0.000214699                 0.307558              9.80483e-05              2.06572e-11              3.21454e-14               1.2485e-06              1.86847e-19              2.50157e-18              3.23654e-26              2.30565e-12              4.74415e-26              0.000287779                  0.25533              0.000193675                 0.436312                        1
      1500       0.140934       0.187164              1.74333e-17              8.96466e-06              4.05379e-15              4.03797e-14              5.68586e-16              0.000167335                 0.307645              6.20866e-05               6.8861e-11              1.52703e-13              2.31156e-06              1.85231e-18              1.78756e-17              6.04856e-25              7.94977e-12              9.15547e-25              0.000412342                 0.255382              0.000133387                 0.436186                        1
      1550       0.141081       0.269522              1.11764e-16              1.60405e-05              1.05477e-14              1.39202e-13              2.64352e-15              0.000132519                 0.307697              4.05452e-05              2.12234e-10              6.55566e-13              4.11004e-06              1.57993e-17              1.12329e-16              9.34705e-24               2.5281e-11              1.45709e-23              0.000577044                 0.255378              9.41194e-05                  0.43606                        1
      1600       0.141256        0.35246              6.37704e-16              2.76886e-05              2.58808e-14              4.44321e-13              1.11583e-14              0.000106485                 0.307728              2.72287e-05              6.09242e-10              2.56777e-12               7.0448e-06              1.17598e-16              6.28272e-16              1.21591e-22              7.47153e-11              1.94729e-22              0.000790449                 0.255323              6.78902e-05                 0.435922                        1
      1650       0.141473       0.436133              3.27291e-15              4.62584e-05              6.02044e-14              1.32235e-12               4.3138e-14              8.67073e-05                 0.307746               1.8757e-05              1.63949e-09              9.25316e-12              1.16795e-05              7.73375e-16              3.16105e-15              1.35252e-21              2.06582e-10              2.22031e-21               0.00106192                 0.255217              4.99619e-05                 0.435762                        1
      1700       0.141742       0.520684              1.52512e-14              7.50098e-05              1.33397e-13              3.69198e-12              1.53936e-13              7.14607e-05                 0.307755              1.32241e-05              4.15958e-09              3.09038e-11              1.87839e-05               4.5433e-15              1.44411e-14              1.30442e-20               5.3751e-10               2.1904e-20               0.00140153                 0.255056              3.74459e-05                 0.435572                        1
      1750       0.142074       0.606261              6.50614e-14              0.000118352              2.82703e-13              9.72309e-12              5.10525e-13              5.95467e-05                 0.307757              9.52288e-06              1.00002e-08              9.62828e-11              2.93815e-05              2.40745e-14              6.04019e-14              1.10418e-19              1.32294e-09              1.89303e-19               0.00181993                 0.254835              2.85374e-05                 0.435342                        1
      1800        0.14248       0.693025              2.55969e-13              0.000182109              5.75151e-13              2.42707e-11               1.5832e-12              5.01187e-05                 0.307753              6.99185e-06               2.2884e-08              2.81454e-10                 4.48e-05              1.16063e-13              2.33006e-13              8.29358e-19              3.09418e-09              1.44913e-18               0.00232822                 0.254546              2.20824e-05                 0.435066                        1
      1850       0.142972       0.781155              9.34864e-13              0.000273808              1.12701e-12              5.76723e-11               4.6159e-12              4.25694e-05                 0.307743              5.22568e-06              5.00455e-08              7.75926e-10              6.67231e-05               5.1301e-13              8.34434e-13              5.58145e-18              6.90513e-09               9.9232e-18               0.00293776                 0.254178              1.73276e-05                 0.434735                        1
      1900       0.143562       0.870857              3.18828e-12              0.000402987              2.13327e-12               1.3096e-10              1.27139e-11              3.64575e-05                 0.307725              3.97007e-06              1.04969e-07              2.02667e-09              9.72401e-05              2.09333e-12               2.7904e-12               3.3949e-17               1.4757e-08               6.1322e-17               0.00366002                 0.253719              1.37715e-05                 0.434341                        1
      1950       0.144262       0.962364               1.0207e-11                0.0005815              3.91092e-12              2.85168e-10              3.32272e-11              3.14574e-05                   0.3077              3.06194e-06              2.11844e-07              5.03597e-09              0.000138892              7.93437e-12               8.7592e-12              1.88092e-16              3.02995e-08              3.44694e-16               0.00450639                 0.253152              1.10741e-05                 0.433875                        1
      2000       0.145087        1.05594              3.08206e-11              0.000823834              6.96076e-12               5.9732e-10              8.27162e-11              2.73263e-05                 0.307664               2.3946e-06              4.12559e-07              1.19488e-08              0.000194709              2.80909e-11              2.59317e-11              9.55919e-16              5.99434e-08              1.77499e-15               0.00548791                 0.252462              9.00111e-06                 0.433329                        1
      2050       0.146048        1.15188              8.81532e-11               0.00114739              1.20534e-11              1.20692e-09              1.96831e-10              2.38811e-05                 0.307615              1.89691e-06              7.77326e-07              2.71611e-08              0.000268239              9.33628e-11              7.27121e-11              4.48468e-15              1.14564e-07              8.42736e-15               0.00661509                 0.251629              7.38833e-06                 0.432692                        1
      2100        0.14716        1.25053              2.39759e-10               0.00157276              2.03457e-11              2.35844e-09              4.49137e-10               2.0982e-05                  0.30755              1.52063e-06              1.42033e-06              5.93275e-08              0.000363552              2.92623e-10              1.93844e-10              1.95338e-14              2.12019e-07              3.71059e-14               0.00789763                 0.250631              6.11919e-06                 0.431955                        1
      2150       0.148438        1.35224              6.22267e-10                0.0021239               3.3536e-11              4.46729e-09              9.85569e-10              1.85213e-05                 0.307465              1.23248e-06              2.52218e-06              1.24861e-07              0.000485239              8.68474e-10              4.93028e-10              7.94042e-14              3.80738e-07              1.52314e-13               0.00934418                 0.249444               5.1097e-06                 0.431109                        1
      2200       0.149895        1.45743              1.54608e-09               0.00282834              5.40649e-11              8.21953e-09              2.08518e-09              1.64153e-05                 0.307357              1.00919e-06              4.36116e-06              2.53818e-07              0.000638367              2.44987e-09              1.20011e-09              3.02657e-13              6.64696e-07              5.85679e-13                 0.010962                 0.248043              4.29863e-06                 0.430144                        1
      2250       0.151546        1.56654              3.68811e-09               0.00371717              8.53711e-11              1.47185e-08              4.26348e-09              1.45984e-05                  0.30722              8.34214e-07               7.3559e-06              4.99468e-07              0.000828421              6.59095e-09              2.80377e-09              1.08636e-12              1.13006e-06              2.11885e-12                0.0127568                   0.2464              3.64075e-06                 0.429049                        1
      2300       0.153402        1.68004              8.46929e-09               0.00482504              1.32212e-10               2.5695e-08              8.44263e-09              1.30185e-05                 0.307049              6.95666e-07              1.21221e-05              9.53361e-07                0.0010612              1.69638e-08              6.30305e-09              3.68657e-12              1.87382e-06              7.24087e-12                0.0147323                 0.244485              3.10233e-06                 0.427815                        1
      2350       0.155479        1.79845               1.8768e-08               0.00618997              2.01056e-10              4.38021e-08              1.62227e-08              1.16346e-05                 0.306837              5.84886e-07              1.95463e-05              1.76834e-06               0.00134266              4.18892e-08              1.36669e-08                1.187e-11              3.03451e-06              2.34593e-11                  0.01689                 0.242268              2.65792e-06                 0.426433                        1
      2400       0.157786         1.9223              4.02241e-08               0.00785303              3.00558e-10              7.30191e-08              3.03015e-08              1.04136e-05                 0.306579               4.9549e-07              3.08806e-05              3.19271e-06               0.00167878              9.94993e-08              2.86437e-08              3.63821e-11               4.8053e-06              7.22975e-11                0.0192288                 0.239716              2.28816e-06                 0.424891                        1
      2450       0.160335        2.05214              8.35484e-08                0.0098578               4.4212e-10              1.19194e-07              5.51058e-08                9.329e-06                 0.306268              4.22725e-07              4.78605e-05              5.61943e-06               0.00207526              2.27886e-07                5.814e-08              1.06475e-10              7.44906e-06              2.12593e-10                0.0217448                 0.236799              1.97814e-06                 0.423182                        1
      2500       0.163135        2.18856              1.68498e-07                0.0122498              6.40552e-10               1.9076e-07              9.77143e-08              8.35946e-06                 0.305895              3.63013e-07              7.28502e-05               9.6553e-06               0.00253733              5.04374e-07              1.14494e-07              2.98356e-10              1.13151e-05              5.98159e-10                0.0244309                 0.233484              1.71634e-06                 0.421298                        1
      2550       0.166193        2.33213              3.30526e-07                0.0150753              9.14826e-10              2.99656e-07               1.6917e-07              7.48774e-06                 0.305453              3.13632e-07              0.000109019              1.62153e-05               0.00306936              1.08095e-06               2.1911e-07               8.0253e-10              1.68567e-05              1.61457e-09                0.0272767                 0.229741              1.49376e-06                  0.41923                        1
      2600       0.169516        2.48347              6.31642e-07                0.0183808              1.28893e-09              4.62508e-07              2.86302e-07              6.69993e-06                 0.304935              2.72498e-07              0.000160551              2.66482e-05                0.0036746              2.24747e-06               4.0809e-07              2.07708e-09              2.46482e-05              4.19093e-09                0.0302682                 0.225544              1.30329e-06                 0.416973                        1
      2650       0.173108        2.64318              1.17769e-06                 0.022211              1.79285e-09              7.02097e-07              4.74174e-07              5.98482e-06                  0.30433              2.37997e-07              0.000232889              4.28993e-05               0.00435472              4.54115e-06              7.40723e-07              5.18394e-09              3.53995e-05              1.04844e-08                0.0333876                 0.220869              1.13934e-06                 0.414521                        1
      2700       0.176973        2.81188              2.14529e-06                 0.026608              2.46357e-09              1.04917e-06              7.69318e-07              5.33338e-06                 0.303633               2.0887e-07              0.000333018               6.7715e-05               0.00510951              8.93144e-06              1.31191e-06              1.25014e-08              4.99662e-05              2.53307e-08                0.0366134                 0.215697              9.97434e-07                 0.411868                        1
      2750       0.181114        2.99019              3.82281e-06                0.0316088              3.34626e-09              1.54464e-06              1.22385e-06              4.73841e-06                 0.302833              1.84127e-07               0.00046979              0.000104894               0.00593648               1.7124e-05              2.26985e-06              2.91851e-08              6.93519e-05              5.92174e-08                0.0399201                 0.210013              8.73978e-07                 0.409012                        1
      2800       0.185536        3.17881               6.6717e-06                0.0372443              4.49546e-09               2.2422e-06              1.91063e-06              4.19415e-06                 0.301923              1.62985e-07               0.00065428              0.000159585               0.00683054              3.20495e-05               3.8405e-06              6.60735e-08              9.46997e-05              1.34189e-07                0.0432784                 0.203813              7.66086e-07                 0.405951                        1
      2850       0.190249        3.37846              1.14163e-05                0.0435367              5.97633e-09              3.21145e-06               2.9294e-06              3.69605e-06                 0.300894              1.44819e-07              0.000900193              0.000238629               0.00778369              5.86303e-05              6.36052e-06              1.45297e-07              0.000127271              2.95235e-07                0.0466556                 0.197096              6.71414e-07                  0.40268                        1
      2900       0.195269        3.59002              1.91731e-05                0.0504975              7.86596e-09              4.54148e-06              4.41413e-06              3.24047e-06                 0.299738              1.29127e-07               0.00122429              0.000350939                0.0087849              0.000104961              1.03203e-05              3.10815e-07              0.000168404              6.31632e-07                0.0500152                 0.189874              5.88053e-07                 0.399199                        1
      2950       0.200629        3.81455              3.16337e-05                0.0581258              1.02546e-08              6.34499e-06              6.54111e-06              2.82452e-06                 0.298444              1.15501e-07               0.00164685              0.000507901               0.00981994              0.000184089              1.64187e-05              6.47703e-07              0.000219457              1.31591e-06                 0.053318                 0.182165              5.14436e-07                 0.395502                        1
      3000       0.206381        4.05346              5.13199e-05                0.0664056              1.32468e-08              8.76293e-06              9.53784e-06              2.44584e-06                 0.297003              1.03612e-07               0.00219218              0.000723769                0.0108715              0.000316643              2.56297e-05              1.31657e-06              0.000281728               2.6732e-06                0.0565215                 0.173998              4.49271e-07                 0.391584                        1
      3050       0.212616        4.30863              8.19335e-05                0.0753042              1.69625e-08              1.19697e-05              1.36921e-05              2.10247e-06                 0.295401              9.31858e-08               0.00288907               0.00101603                0.0119192              0.000534657              3.92828e-05              2.61361e-06              0.000356351              5.30178e-06                0.0595807                  0.16541              3.91483e-07                 0.387432                        1
      3100       0.219475        4.58268              0.000128829                0.0847695              2.15374e-08              1.61785e-05              1.93602e-05              1.79266e-06                 0.293618              8.39977e-08               0.00377128               0.00140569                  0.01294              0.000887036              5.91522e-05              5.07297e-06              0.000444173              1.02778e-05                0.0624483                 0.156445               3.4017e-07                 0.383029                        1
      3150       0.227179        4.87933              0.000199645                0.0947286              2.71232e-08              2.16474e-05              2.69743e-05               1.5148e-06                 0.291632              7.58581e-08               0.00487795               0.00191739                0.0139085               0.00144722              8.75552e-05              9.63767e-06               0.00054561               1.9496e-05                0.0650741                 0.147157              2.94568e-07                 0.378345                        1
      3200       0.236063        5.20378              0.000305136                 0.105085              3.38861e-08              2.86843e-05              3.70458e-05               1.2673e-06                 0.289405              6.86065e-08               0.00625388               0.00257934                0.0147976               0.00232384              0.000127449              1.79394e-05              0.000660483              3.62242e-05                0.0674052                 0.137603              2.54024e-07                 0.373332                        1
      3250        0.24663        5.56335              0.000460251                 0.115715              4.20044e-08              3.76523e-05               5.0164e-05              1.04853e-06                 0.286889              6.21042e-08               0.00794963               0.00342284                0.0155783               0.00367518              0.000182513              3.27475e-05              0.000787841              6.59894e-05                0.0693848                 0.127842              2.17971e-07                 0.367924                        1
      3300       0.259618        5.96821              0.000685528                 0.126466              5.16617e-08              4.89721e-05              6.69865e-05              8.56779e-07                 0.284012              5.62295e-08                0.0100211                0.0044814                0.0162209               0.00572871              0.000257205               5.8677e-05              0.000925763              0.000117968                0.0709512                 0.117936              1.85912e-07                 0.362021                        1
      3350       0.276113        6.43232               0.00100886                 0.137148               6.3037e-08              6.31218e-05              8.82168e-05              6.90259e-07                 0.280672              5.08732e-08                0.0125286               0.00578902                0.0166948               0.00880702              0.000356749              0.000103285               0.00107114              0.000207128                0.0720354                 0.107941              1.57409e-07                 0.355484                        1
      3400       0.297702        6.97445               0.00146771                 0.147531              7.62856e-08              8.06291e-05              0.000114563              5.47085e-07                 0.276727              4.59347e-08                0.0155348               0.00737754                0.0169687                0.0133618              0.000487013              0.000178744               0.00121945              0.000357473                 0.072559                0.0979132              1.32071e-07                  0.34812                        1
      3450       0.326709        7.61938                0.0021119                 0.157329              9.15093e-08              0.000102053              0.000146668              4.25326e-07                 0.271983              4.13199e-08                0.0191007               0.00927243                0.0170106                 0.020018              0.000654216              0.000304344               0.00136448              0.000606878                0.0724302                 0.087899              1.09553e-07                 0.339666                        1
      3500       0.366574        8.39884               0.00300702                 0.166188              1.08708e-07              0.000127948              0.000184996              3.23047e-07                  0.26617              3.69388e-08                0.0232795                0.0114863                 0.016788                0.0296301              0.000864324              0.000510203               0.00149802                0.0010142                0.0715399                0.0779389              8.95505e-08                 0.329771                        1
