   "Tw[K]"          "B'c"    "hw[MJ/kg]"                      "C"                      "H"                      "O"                      "N"                     "CH"                    "CH4"                     "CO"                    "CO2"                     "CN"                    "C2H"         "C2H2,acetylene"                     "C3"                    "C3H"                     "C4"         "C4H2,butadiyne"                     "C5"                    "HCN"                     "H2"                    "H2O"                     "N2"                  "C(gr)"
       300              0       -5.28028              6.0883e-117              4.82756e-38              4.02865e-76              6.57073e-80             7.94452e-101                 0.155291              7.02891e-12               0.00845485              1.03432e-71              4.05914e-94              7.09356e-42             7.52049e-135             4.76857e-119             2.58706e-172              1.62524e-78             6.08759e-174              1.66011e-24              3.26137e-05                  0.42075                 0.415472                        1
       350              0       -5.14957              4.14904e-99              3.84457e-32              7.24191e-65              3.78892e-68              1.72527e-85                 0.164219               1.4236e-09                0.0175309              8.50187e-61              1.48777e-79              2.98739e-35             5.99622e-114             9.76527e-101              6.1251e-146               2.2911e-66             2.97799e-147              1.00934e-20              0.000290422                 0.402541                 0.415418                        1
       400              0       -5.01099              1.00687e-85              1.06006e-27              1.95018e-56              2.54027e-59              5.65462e-74                 0.173913              7.41255e-08                0.0279521              1.31739e-52              1.29415e-68              2.87904e-30               2.9203e-98              5.53705e-87             3.87468e-126              3.15122e-57             3.27409e-127              7.06412e-18               0.00155896                 0.381421                 0.415155                        1
       450              0       -4.87203              2.63097e-75              3.08212e-24                6.937e-50              1.87908e-52              5.20376e-65                 0.181727              1.57212e-06                0.0382562              3.10233e-46              4.26536e-60              2.21026e-26              4.70643e-86              2.83324e-76              1.0043e-110              4.19318e-50             1.31148e-111               1.1627e-15               0.00590299                  0.35986                 0.414252                        1
       500              0       -4.73215              5.73097e-67               1.8424e-21              1.20255e-44              5.91389e-47              7.76978e-58                 0.184842              1.78981e-05                0.0478971              3.88499e-41               2.8091e-53              2.85133e-23              2.76082e-76              1.05935e-67              2.19099e-98              2.13551e-44              4.06643e-99              6.89718e-14                 0.017295                 0.338066                 0.411882                        1
       550              0       -4.58424              3.83071e-60              3.45808e-19              2.32849e-40              1.86799e-42              5.74145e-52                 0.180075              0.000130246                0.0569326              5.73919e-37              1.06427e-47              9.90633e-21              2.71553e-68              1.09509e-60               2.7588e-88              9.96047e-40              6.84011e-89              1.92991e-12                0.0414487                 0.314572                 0.406841                        1
       600              0       -4.41563               1.8742e-54              2.69719e-17              8.74266e-37              1.04879e-38              4.40849e-47                 0.164662              0.000679888                 0.065657              1.70076e-33              4.68716e-43              1.26402e-18              1.24129e-61              7.58977e-55              7.24651e-80              7.58377e-36              2.28954e-80              3.03915e-11                0.0839519                 0.287152                 0.397897                        1
       650              0       -4.20781              1.22567e-49              1.05952e-15              9.30368e-34              1.55504e-35              5.86892e-43                  0.13826               0.00275144                0.0742135              1.46063e-30              3.89996e-39              7.31629e-17              5.34466e-56               6.5044e-50              9.67391e-73              1.40191e-32              3.75426e-73               3.0385e-10                 0.146457                 0.253836                 0.384482                        1
       700              0       -3.93534              1.64771e-45              2.40432e-14              3.66029e-31              8.08787e-33              1.95263e-39                 0.104796               0.00907676                0.0819155              4.73377e-28              8.67336e-36              2.23283e-15              3.59222e-51              1.06744e-45              1.24066e-66              8.35368e-30              5.74362e-67              2.10382e-09                 0.222951                 0.213983                 0.367277                        1
       750              0       -3.56511              6.24435e-42              3.49356e-13              6.40017e-29               1.8195e-30              2.12812e-36                0.0714517                0.0250549                0.0861731              7.03604e-26              6.66664e-33              4.03113e-14              5.46026e-47              4.63532e-42              2.43923e-61              1.98511e-27              1.31566e-61              1.07911e-08                 0.300411                 0.169043                 0.347867                        1
       800              0        -3.0621              8.45499e-39              3.52612e-12              5.62072e-27              2.07227e-28              9.34714e-34                0.0444299                0.0580901                0.0821887              5.55319e-24              2.15677e-30              4.73282e-13              2.47928e-43              6.81792e-39              1.04414e-56              2.22567e-25              6.43599e-57              4.33189e-08                 0.365161                 0.122578                 0.327553                        1
       850              0        -2.4227              4.90343e-36              2.64137e-11              2.67808e-25               1.3477e-26               1.9463e-31                0.0258595                 0.111616                0.0662002              2.60331e-22              3.42826e-28              3.91563e-12              4.16082e-40              4.11928e-36              1.27284e-52              1.34961e-23              8.82337e-53              1.42491e-07                 0.409481                0.0796173                 0.307226                        1
       900              0       -1.73937              1.40255e-33              1.55154e-10              7.30512e-24              5.51057e-25              2.18775e-29                0.0145765                 0.174785                0.0420797              7.93034e-21              3.03062e-26              2.44705e-11              3.04612e-37              1.19208e-33              5.44569e-49              4.95728e-22              4.18872e-49              4.00465e-07                 0.434086                0.0454807                 0.288992                        1
       950      0.0293962       -1.18027               2.2119e-31              7.48543e-10              1.21925e-22              1.53375e-23              1.47516e-27                0.0082681                 0.225514                0.0209946              1.69095e-19              1.64791e-24              1.22736e-10              1.10887e-34              1.87089e-31              9.64477e-46              1.21324e-20              8.13849e-46              1.00021e-06                 0.446053                0.0232019                 0.275967                        1
      1000      0.0533884       -0.81814              2.10264e-29              3.07469e-09              1.37863e-21               3.0887e-22              6.48456e-26               0.00484343                 0.253886               0.00902249              2.67169e-18              5.96759e-23              5.17436e-10              2.22881e-32              1.75686e-29              8.07006e-43              2.13031e-19              7.39822e-43              2.28263e-06                 0.452253                0.0112083                 0.268784                        1
      1050      0.0644776      -0.594782              1.29504e-27              1.10321e-08              1.17042e-20              4.70523e-21              1.98102e-24               0.00295105                 0.266621               0.00375014              3.25949e-17              1.52961e-21              1.89034e-09              2.69262e-30               1.0652e-27              3.55048e-40              2.82979e-18              3.50667e-40              4.82751e-06                 0.455831               0.00544848                 0.265394                        1
      1100      0.0691154      -0.439255              5.48262e-26                3.525e-08               8.0009e-20               5.6179e-20              4.42427e-23               0.00186811                  0.27196               0.00161112               3.1729e-16              2.91191e-20              6.11471e-09              2.09573e-28              4.43048e-26              8.96527e-38              2.95963e-17              9.47043e-38              9.54583e-06                 0.457959                0.0027523                  0.26384                        1
      1150      0.0710286      -0.312959               1.6753e-24              1.01869e-07              4.59273e-19              5.41874e-19              7.52842e-22               0.00122531                 0.274234              0.000732284              2.53443e-15              4.28227e-19              1.78115e-08              1.11295e-26              1.32848e-24              1.39684e-35              2.51682e-16              1.56816e-35              1.77875e-05                 0.459234               0.00145906                 0.263098                        1
      1200      0.0718341      -0.199034              3.84836e-23              2.69674e-07              2.27478e-18              4.33336e-18              1.01013e-20              0.000830228                 0.275246              0.000353456              1.70169e-14                5.026e-18              4.73676e-08              4.23019e-25               2.9925e-23              1.42642e-33              1.78683e-15              1.69236e-33              3.14562e-05                 0.460008              0.000811757                 0.262718                        1
      1250      0.0721885      -0.090354              6.87691e-22              6.60943e-07              9.91556e-18              2.93746e-17              1.09984e-19              0.000579369                  0.27572              0.000180629              9.80361e-14              4.83808e-17              1.16314e-07              1.19796e-23              5.24172e-22              1.00435e-31              1.08265e-14              1.25309e-31              5.31219e-05                 0.460486              0.000472421                 0.262507                        1
      1300      0.0723621      0.0161958              9.84054e-21              1.51318e-06              3.86324e-17              1.72007e-16              9.95602e-19              0.000415238                 0.275953              9.72526e-05              4.93199e-13              3.90859e-16               2.6623e-07               2.6151e-22              7.35076e-21               5.0899e-30              5.70297e-14              6.64851e-30              8.61243e-05                 0.460783              0.000286423                 0.262377                        1
      1350      0.0724717        0.12206              1.15575e-19              3.26063e-06              1.36267e-16              8.84219e-16              7.64888e-18              0.000304861                 0.276072               5.4886e-05              2.19942e-12              2.70247e-15              5.72552e-07              4.52981e-21              8.46003e-20              1.92573e-28              2.65296e-13              2.62304e-28              0.000134659                 0.460965              0.000180183                 0.262285                        1
      1400      0.0725718       0.227964              1.13792e-18              6.65597e-06              4.39852e-16              4.04618e-15              5.07604e-17               0.00022875                 0.276135               3.2315e-05              8.80733e-12              1.62617e-14               1.1648e-06              6.38265e-20               8.1623e-19              5.61254e-27              1.10457e-12              7.94342e-27              0.000203845                 0.461067              0.000117177                 0.262207                        1
      1450      0.0726918        0.33431              9.56496e-18               1.2943e-05              1.31129e-15              1.66803e-14              2.95437e-16              0.000175056                 0.276169              1.97641e-05              3.20231e-11              8.63973e-14              2.25472e-06              7.47389e-19              6.72348e-18              1.29462e-25              4.16386e-12              1.89766e-25              0.000299759                 0.461111              7.85173e-05                 0.262131                        1
      1500      0.0728505       0.441361              6.97332e-17              2.40918e-05              3.63928e-15               6.2596e-14              1.52803e-15              0.000136379                 0.276187              1.25096e-05              1.06747e-10              4.10376e-13              4.17364e-06              7.40924e-18              4.80392e-17              2.41942e-24              1.43537e-11              3.66219e-24              0.000429453                 0.461106              5.40527e-05                 0.262046                        1
      1550      0.0730636       0.549321              4.47055e-16              4.31053e-05              9.46789e-15              2.15778e-13               7.1039e-15              0.000107983                 0.276196              8.16708e-06              3.28985e-10              1.76169e-12              7.42015e-06              6.31972e-17               3.0186e-16              3.73882e-23              4.56416e-11              5.82837e-23              0.000600931                 0.461053              3.81311e-05                 0.261945                        1
      1600      0.0733456       0.658385              2.55082e-15              7.44071e-05              2.32291e-14              6.88692e-13              2.99854e-14              8.67681e-05                 0.276198              5.48371e-06              9.44316e-10              6.90031e-12              1.27184e-05              4.70391e-16              1.68834e-15              4.86364e-22              1.34888e-10              7.78916e-22              0.000823103                 0.460951              2.75021e-05                 0.261821                        1
      1650      0.0737122       0.768762              1.30916e-14              0.000124314              5.40321e-14              2.04939e-12              1.15928e-13              7.06626e-05                 0.276195              3.77702e-06               2.5409e-09              2.48667e-11              2.10873e-05               3.0935e-15              8.49493e-15               5.4101e-21              3.72983e-10              8.88123e-21               0.00110571                 0.460793              2.02395e-05                 0.261666                        1
      1700      0.0741801       0.880695              6.10048e-14              0.000201594              1.19713e-13              5.72103e-12              4.13713e-13              5.82537e-05                 0.276186              2.66257e-06              6.44561e-09              8.30561e-11              3.39191e-05              1.81732e-14              3.88115e-14              5.21766e-20               9.7061e-10              8.76161e-20               0.00145921                 0.460568              1.51705e-05                 0.261475                        1
      1750      0.0747678       0.994473              2.60245e-13               0.00031811              2.53689e-13              1.50639e-11              1.37221e-12              4.85612e-05                 0.276171              1.91713e-06              1.54931e-08              2.58792e-10              5.30664e-05              9.62981e-14               1.6235e-13               4.4167e-19              2.38939e-09              7.57212e-19               0.00189466                 0.460263               1.1563e-05                 0.261238                        1
      1800      0.0754959        1.11045              1.02388e-12              0.000489541              5.16087e-13              3.75934e-11              4.25594e-12              4.08934e-05                 0.276148              1.40739e-06              3.54456e-08              7.56598e-10              8.09347e-05              4.64254e-13              6.26361e-13              3.31743e-18              5.58987e-09              5.79653e-18               0.00242354                 0.459858              8.94918e-06                 0.260948                        1
      1850      0.0763866        1.22906              3.73946e-12              0.000736157              1.01119e-12              8.93037e-11              1.24102e-11              3.47546e-05                 0.276115              1.05169e-06              7.74938e-08              2.08614e-09              0.000120577              2.05204e-12              2.24345e-12              2.23258e-17              1.24784e-08              3.96928e-17                0.0030576                 0.459331              7.02373e-06                 0.260597                        1
      1900      0.0774645         1.3508              1.27531e-11               0.00108365               1.9138e-12              2.02715e-10              3.41882e-11              2.97848e-05                 0.276067              7.98802e-07              1.62483e-07               5.4498e-09              0.000175784              8.37331e-12              7.50349e-12              1.35796e-16              2.66767e-08              2.45288e-16               0.00380861                 0.458655              5.58349e-06                 0.260174                        1
      1950      0.0787559        1.47629              4.08282e-11               0.00156396              3.50801e-12              4.41223e-10              8.93652e-11              2.57183e-05                    0.276              6.15888e-07              3.27774e-07              1.35443e-08               0.00025117              3.17375e-11              2.35581e-11              7.52367e-16               5.4793e-08              1.37878e-15               0.00468815                 0.457796              4.49078e-06                  0.25967                        1
      2000      0.0802894        1.60626              1.23282e-10               0.00221612              6.24235e-12              9.23718e-10              2.22507e-10              2.23572e-05                  0.27591              4.81455e-07              6.37997e-07              3.21423e-08              0.000352237              1.12363e-10              6.97566e-11              3.82368e-15               1.0844e-07              7.09996e-15               0.00570734                 0.456714               3.6507e-06                 0.259073                        1
      2050       0.082095        1.74154              3.52613e-10               0.00308703              1.08063e-11              1.86528e-09               5.2957e-10               1.9552e-05                  0.27579              3.81179e-07              1.20134e-06              7.30762e-08              0.000485423              3.73451e-10               1.9563e-10              1.79387e-14              2.07323e-07              3.37094e-14               0.00687653                 0.455364              2.99679e-06                 0.258373                        1
      2100      0.0842048        1.88309              9.59035e-10                0.0042321              1.82342e-11              3.64228e-09              1.20857e-09              1.71888e-05                 0.275631              3.05344e-07               2.1935e-06              1.59643e-07              0.000658105              1.17049e-09              5.21611e-10              7.81352e-14              3.83798e-07              1.48424e-13                 0.008205                 0.453693              2.48185e-06                 0.257557                        1
      2150      0.0866519        2.03202              2.48907e-09               0.00571578              3.00414e-11              6.89318e-09              2.65234e-09              1.51795e-05                 0.275426              2.47252e-07              3.89181e-06              3.36022e-07              0.000878573               3.4739e-09              1.32682e-09              3.17617e-13              6.89363e-07              6.09254e-13               0.00970059                 0.451643              2.07189e-06                 0.256613                        1
      2200      0.0894705        2.18957              6.18431e-09               0.00761188               4.8402e-11              1.26704e-08              5.61182e-09              1.34559e-05                 0.275164              2.02213e-07               6.7227e-06              6.83098e-07               0.00115593              9.79949e-09              3.22986e-09              1.21063e-12              1.20361e-06              2.34271e-12                0.0113693                 0.449147              1.74212e-06                 0.255528                        1
      2250      0.0926956        2.35709              1.47524e-08                0.0100035              7.63711e-11              2.26622e-08              1.14738e-08              1.19644e-05                 0.274832              1.66899e-07               1.1326e-05              1.34415e-06               0.00149994              2.63638e-08              7.54542e-09              4.34546e-12               2.0461e-06              8.47539e-12                0.0132149                 0.446133              1.47426e-06                 0.254288                        1
      2300      0.0963618        2.53608              3.38772e-08                0.0129829              1.18162e-10                3.951e-08              2.27168e-08              1.06626e-05                 0.274419              1.38917e-07              1.86396e-05              2.56524e-06               0.00192077               6.7855e-08              1.69598e-08              1.47463e-11              3.39163e-06              2.89635e-11                0.0152385                 0.442521              1.25463e-06                  0.25288                        1
      2350       0.100503        2.72818              7.50721e-08                0.0166503              1.79481e-10              6.72495e-08               4.3637e-08              9.51702e-06                 0.273911              1.16523e-07              3.00096e-05              4.75663e-06               0.00242869              1.67557e-07              3.67622e-08                4.748e-11                5.489e-06              9.38372e-11                 0.017438                 0.438229              1.07297e-06                 0.251292                        1
      2400       0.105153        2.93509              1.60896e-07                0.0211129              2.67924e-10              1.11911e-07              8.14655e-08              8.50081e-06                 0.273291              9.84331e-08              4.73284e-05               8.5836e-06               0.00303356              3.97997e-07              7.70084e-08              1.45529e-10              8.68321e-06               2.8919e-10                0.0198079                 0.433169              9.21443e-07                  0.24951                        1
      2450       0.110343        3.15864              3.34194e-07                0.0264828              3.93439e-10              1.82318e-07              1.48041e-07              7.59259e-06                 0.272545              8.36897e-08              7.32067e-05              1.50965e-05               0.00374438              9.11545e-07              1.56192e-07                4.259e-10              1.34403e-05              8.50372e-10                0.0223384                 0.427254              7.94038e-07                 0.247523                        1
      2500       0.116101        3.40071               6.7399e-07                0.0328745              5.68852e-10              2.91131e-07              2.62235e-07              6.77526e-06                 0.271655              7.15734e-08              0.000111182              2.59118e-05               0.00456857               2.0175e-06              3.07267e-07              1.19342e-09              2.03733e-05              2.39263e-09                0.0250157                 0.420397              6.86109e-07                  0.24532                        1
      2550       0.122452        3.66324               1.3221e-06                0.0404015              8.10454e-10              4.56177e-07              4.53372e-07              6.03522e-06                 0.270604              6.15376e-08              0.000165964              4.34566e-05               0.00551125              4.32381e-06              5.87209e-07              3.21012e-09              3.02674e-05              6.45827e-09                 0.027821                 0.412515              5.94034e-07                 0.242893                        1
      2600       0.129422         3.9482              2.52657e-06                 0.049172              1.13863e-09              7.02121e-07               7.6591e-07              5.36174e-06                 0.269377              5.31631e-08              0.000243728               7.1289e-05               0.00657442              8.98986e-06              1.09172e-06              8.30832e-09              4.40995e-05              1.67637e-08                0.0307307                 0.403534              5.14972e-07                 0.240233                        1
      2650       0.137034        4.25756              4.71077e-06                0.0592846              1.57856e-09              1.06252e-06              1.26564e-06              4.74638e-06                 0.267956               4.6126e-08              0.000352442              0.000114505               0.00775615              1.81646e-05               1.9771e-06              2.07358e-08              6.30498e-05              4.19376e-08                0.0337162                 0.393388              4.46682e-07                 0.237337                        1
      2700       0.145313        4.59332              8.58114e-06                0.0708221              2.16088e-09              1.58231e-06              2.04768e-06              4.18264e-06                 0.266326               4.0174e-08              0.000502242              0.000180236               0.00904969              3.57258e-05               3.4919e-06              5.00055e-08              8.84975e-05              1.01323e-07                0.0367437                  0.38203              3.87386e-07                 0.234201                        1
      2750       0.154295        4.95753              1.52912e-05                0.0838459               2.9224e-09              2.32076e-06              3.24641e-06              3.66561e-06                 0.264474              3.51089e-08              0.000705841              0.000278243                0.0104428              6.84962e-05              6.02103e-06              1.16741e-07              0.000121996               2.3687e-07                0.0397748                 0.369432              3.35666e-07                 0.230825                        1
      2800       0.164031        5.35231              2.66868e-05                0.0983889              3.90679e-09              3.35492e-06              5.04734e-06              3.19161e-06                 0.262387              3.07738e-08              0.000978976              0.000421578                 0.011917              0.000128198              1.01455e-05              2.64294e-07               0.00016522              5.36758e-07                0.0427667                 0.355586              2.90387e-07                 0.227211                        1
      2850       0.174611           5.78              4.56652e-05                 0.114449              5.16518e-09              4.78361e-06              7.70081e-06              2.75795e-06                 0.260054              2.70438e-08               0.00134088              0.000627307                0.0134475              0.000234521              1.67205e-05              5.81187e-07              0.000219878              1.18094e-06                0.0456725                 0.340513              2.50632e-07                 0.223362                        1
      2900       0.186184        6.24334              7.66922e-05                 0.131982               6.7566e-09              6.73183e-06              1.15369e-05              2.36267e-06                 0.257465              2.38182e-08               0.00181476              0.000917225                0.0150025              0.000419846              2.69735e-05              1.24326e-06              0.000287594              2.52653e-06                 0.048442                  0.32426              2.15656e-07                 0.219281                        1
      2950          0.199        6.74572              0.000126535                 0.150893              8.74834e-09              9.35568e-06              1.69805e-05               2.0043e-06                 0.254607              2.10156e-08               0.00242829               0.00131849                0.0165443              0.000736357              4.26223e-05              2.59081e-06              0.000369733              5.26363e-06                 0.051022                 0.306905              1.84849e-07                  0.21497                        1
      3000       0.213473        7.29166               0.00020528                 0.171031              1.12158e-08              1.28475e-05              2.45652e-05              1.68161e-06                 0.251467               1.8569e-08                 0.003214                0.0018641                0.0180288               0.00126657              6.60106e-05               5.2663e-06              0.000467207              1.06928e-05                 0.053357                 0.288551              1.57706e-07                 0.210427                        1
      3050       0.230268        7.88735              0.000327734                  0.19218              1.42419e-08              1.74409e-05              3.49428e-05               1.3935e-06                 0.248022              1.64228e-08               0.00420964               0.00259296                0.0194072               0.00213863              0.000100252              1.04545e-05              0.000580225              2.12071e-05                0.0553887                 0.269326              1.33798e-07                 0.205641                        1
      3100       0.250442        8.54148              0.000515316                 0.214051              1.79153e-08              2.34156e-05              4.88863e-05              1.13875e-06                 0.244238              1.45301e-08               0.00545826                0.0035495                0.0206266               0.00354814              0.000149365              2.02919e-05              0.000708022              4.11114e-05                0.0570563                 0.249377              1.12761e-07                 0.200587                        1
      3150       0.275643         9.2662               0.00079858                 0.236269              2.23267e-08              3.10998e-05              6.72785e-05              9.15966e-07                  0.24006              1.28502e-08               0.00700791               0.00478231                0.0216308                0.0057889              0.000218378              3.85507e-05              0.000848544              7.79842e-05                0.0582943                 0.228862              9.42762e-08                 0.195223                        1
      3200       0.308421        10.0782               0.00122054                 0.258361              2.75627e-08              4.08698e-05              9.10806e-05              7.23516e-07                   0.2354              1.13476e-08               0.00891062               0.00634156                0.0223617               0.00929537              0.000313345              7.17575e-05              0.000998105              0.000144897                0.0590309                 0.207942              7.80601e-08                 0.189475                        1
      3250       0.352703        10.9997                 0.001841                  0.27973              3.36934e-08              5.31424e-05              0.000121267              5.59494e-07                 0.230126              9.98992e-09                0.0112201                0.0082744                0.0227593                0.0147007              0.000441207               0.00013099                 0.001151              0.000263958                0.0591839                 0.186772              6.38598e-08                 0.183231                        1
      3300       0.414546        12.0586               0.00274211                  0.29962              4.07526e-08              6.83547e-05              0.000158703              4.21777e-07                 0.224039              8.74735e-09                0.0139873                0.0106172                0.0227621                0.0229148              0.000609366              0.000234708               0.00129908              0.000471873                0.0586567                 0.165494              5.14483e-08                 0.176325                        1
      3350       0.503402        13.2879               0.00403543                 0.317069              4.87033e-08              8.69215e-05              0.000203946              3.08097e-07                 0.216851              7.59196e-09                0.0172525                0.0133835                0.0223074                0.0352281              0.000824758              0.000413142               0.00143125              0.000828514                0.0573321                  0.14423              4.06256e-08                 0.168522                        1
      3400       0.634344        14.7212               0.00587084                 0.330827              5.73826e-08              0.000109154              0.000256899              2.16145e-07                 0.208157              6.49767e-09                0.0210306                0.0165436                0.0213316                0.0534472               0.00109209              0.000714976               0.00153299               0.00142989                0.0550675                 0.123088              3.12221e-08                   0.1595                        1
      3450        0.83233        16.3847               0.00844761                 0.339246              6.64136e-08              0.000135106              0.000316258               1.4367e-07                 0.197394              5.44105e-09                0.0252871                 0.019994                0.0197729                0.0800719               0.00141067               0.00121738               0.00158605               0.00242751                0.0516909                 0.102173               2.3105e-08                  0.14883                        1
      3500        1.14111        18.2843                0.0120281                 0.340119              7.50678e-08              0.000164305              0.000378611              8.85541e-08                 0.183803              4.40359e-09                0.0298946                0.0235078                0.0175792                  0.11852               0.00176891               0.00204081               0.00156863               0.00405679                0.0470043                0.0816123              1.61883e-08                 0.135953                        1
