   "Tw[K]"          "B'c"    "hw[MJ/kg]"                      "C"                      "H"                      "O"                      "N"                     "CH"                    "CH4"                     "CO"                    "CO2"                     "CN"                    "C2H"         "C2H2,acetylene"                     "C3"                    "C3H"                     "C4"         "C4H2,butadiyne"                     "C5"                    "HCN"                     "H2"                    "H2O"                     "N2"                  "C(gr)"
       300      0.0558602       -2.91485             1.52208e-117              3.67339e-39              8.97004e-76              4.40001e-80             6.04515e-102              0.000333184              1.56503e-11                 0.167662              6.92621e-72              3.08868e-95              1.64287e-43             1.88012e-135              3.6285e-120             6.46765e-173              3.76406e-80              1.5219e-174              3.38358e-25              7.55334e-07                0.0867876                 0.745216                        1
       350      0.0562563       -2.86146              1.03726e-99              3.56786e-33               1.1213e-64              2.53736e-68               1.6011e-86              0.000779552              2.20422e-09                 0.168113              5.69353e-61              1.38069e-80              1.02913e-36             1.49905e-114             9.06242e-102             1.53128e-146              7.89269e-68             7.44496e-148              2.50913e-21              1.00048e-05                0.0858852                 0.745213                        1
       400      0.0568309       -2.80674              2.51717e-86              1.12569e-28              2.39601e-56              1.70168e-59               6.0047e-75               0.00141536              9.10716e-08                 0.168773              8.82496e-53              1.37428e-69              1.29863e-31              7.30075e-99              5.87986e-88             9.68671e-127               1.4214e-58             8.18523e-128              2.01004e-18              7.03189e-05                0.0845506                  0.74519                        1
       450      0.0575521       -2.75058              6.57743e-76              3.60165e-25               7.3037e-50              1.26005e-52              6.08091e-66               0.00216873              1.65523e-06                 0.169631              2.08033e-46              4.98434e-61              1.20728e-27              1.17661e-86              3.31081e-77             2.51076e-111              2.29038e-51             3.27869e-112              3.64439e-16               0.00032243                0.0827807                 0.745096                        1
       500      0.0584038       -2.69248              1.43274e-67              2.31258e-22              1.13514e-44              3.97629e-47              9.75262e-59               0.00293651              1.68948e-05                 0.170709              2.61213e-41              3.52598e-54              1.79694e-24              6.90204e-77               1.3297e-68              5.47748e-99              1.34582e-45              1.01661e-99              2.32835e-14               0.00108995                0.0804434                 0.744804                        1
       550      0.0594112        -2.6313              9.57677e-61              4.59406e-20              2.02404e-40              1.26312e-42              7.62752e-53               0.00358989              0.000113216                 0.172071              3.88078e-37              1.41388e-48              6.99353e-22              6.78882e-69              1.45482e-61              6.89699e-89              7.03175e-41              1.71003e-89              6.93469e-13               0.00292613                0.0772159                 0.744084                        1
       600      0.0606631       -2.56488              4.68549e-55              3.76088e-18              7.11022e-37              7.16381e-39              6.14707e-48               0.00398368              0.000552939                 0.173708              1.16171e-33              6.53564e-44              9.83039e-20              3.10323e-62              1.05829e-55              1.81163e-80              5.89795e-37              5.72386e-81              1.15783e-11                 0.006529                0.0726487                 0.742578                        1
       650      0.0623622       -2.48944              3.06419e-50              1.54499e-16              7.14911e-34              1.07852e-35              8.55804e-44               0.00400073               0.00211425                 0.175282              1.01304e-30              5.68691e-40              6.22276e-18              1.33616e-56               9.4847e-51              2.41848e-73              1.19237e-33              9.38566e-74              1.22919e-10                0.0124567                0.0663595                 0.739787                        1
       700      0.0649344       -2.39818              4.11928e-46              3.66572e-15              2.68036e-31              5.72078e-33              2.97706e-40               0.00362407               0.00664674                 0.175704              3.34833e-28              1.32238e-36              2.07612e-16              8.98055e-52              1.62746e-46              3.10165e-67              7.76736e-31               1.4359e-67              9.07525e-10                0.0207303                0.0582792                 0.735015                        1
       750      0.0691864        -2.2792              1.56109e-42              5.57673e-14              4.53018e-29              1.31535e-30               3.3971e-37               0.00296919                0.0177344                 0.172695              5.08649e-26              1.06419e-33              4.10874e-15              1.36507e-47              7.39931e-43              6.09807e-62              2.02333e-28              3.28915e-62              4.98111e-09                0.0306195                0.0487824                 0.727199                        1
       800      0.0764127       -2.11397              2.11375e-39              5.89673e-13               3.9542e-27              1.53059e-28              1.56312e-34               0.00222388                0.0408667                 0.162707              4.10161e-24              3.60676e-31               5.2943e-14               6.1982e-44              1.14016e-39              2.61035e-57              2.48971e-26                1.609e-57              2.14025e-08                0.0408481                0.0385857                 0.714769                        1
       850      0.0881678       -1.88137              1.22586e-36              4.61845e-12              1.96124e-25              1.01431e-26               3.4031e-32               0.00154691                0.0817397                 0.142016              1.95931e-22              5.99432e-29              4.78844e-13              1.04021e-40              7.20258e-37               3.1821e-53              1.65045e-24              2.20584e-53              7.50051e-08                0.0500757                0.0285213                 0.696101                        1
       900       0.105195       -1.57476              3.50638e-34              2.81932e-11              5.90054e-24              4.19919e-25              3.97538e-30               0.00101709                 0.141179                 0.109815              6.04311e-21              5.50698e-27              3.23197e-12              7.61531e-38              2.16614e-34              1.36142e-49              6.54738e-23              1.04718e-49              2.21807e-07                0.0573323                0.0194077                 0.671249                        1
       950       0.125442       -1.22909              5.52974e-32              1.39877e-10               1.1291e-22              1.17166e-23              2.75657e-28              0.000645223                 0.208841                  0.07202              1.29175e-19              3.07939e-25              1.71433e-11              2.77216e-35              3.49607e-32              2.41119e-46               1.6946e-21              2.03462e-46              5.71123e-07                0.0623029                0.0120046                 0.644186                        1
      1000       0.143664      -0.919119               5.2566e-30               5.8444e-10              1.44488e-21              2.34877e-22              1.23259e-26              0.000404655                 0.266085                0.0396414              2.03166e-18              1.13432e-23              7.47813e-11              5.57202e-33              3.33944e-30              2.01751e-43              3.07878e-20              1.84956e-43              1.31977e-06                0.0653608               0.00679072                 0.621716                        1
      1050       0.155763      -0.696017               3.2376e-28              2.11727e-09              1.32594e-20              3.55984e-21              3.80197e-25              0.000256233                 0.302048                0.0192517              2.46603e-17              2.93562e-22              2.78509e-10              6.73154e-31              2.04432e-28              8.87619e-41               4.1692e-19              8.76666e-41              2.80383e-06                0.0671588               0.00363761                 0.607645                        1
      1100       0.162152       -0.54948              1.37065e-26              6.80161e-09              9.42318e-20              4.23753e-20              8.53678e-24              0.000165727                 0.320305               0.00893936              2.39329e-16              5.61864e-21              9.10627e-10              5.23934e-29              8.54877e-27              2.24132e-38               4.4076e-18              2.36761e-38              5.55731e-06                 0.068201               0.00193098                 0.600452                        1
      1150       0.165182      -0.446611              4.18825e-25              1.97143e-08               5.5056e-19              4.08157e-19              1.45695e-22              0.000109999                 0.328742               0.00420927              1.90901e-15              8.28732e-20              2.66835e-09              2.78237e-27              2.57096e-25               3.4921e-36              3.77045e-17              3.92039e-36              1.03716e-05                0.0687978               0.00104811                 0.597083                        1
      1200       0.166598      -0.364272              9.62089e-24               5.2274e-08               2.7488e-18              3.26208e-18              1.95804e-21              7.50177e-05                 0.332602               0.00206444                1.281e-14              9.74248e-19              7.11925e-09              1.05755e-25              5.80069e-24              3.56604e-34              2.68557e-16              4.23091e-34              1.83604e-05                0.0691383              0.000589716                 0.595512                        1
      1250        0.16728      -0.290987              1.71923e-22              1.28232e-07              1.20266e-17              2.21075e-17              2.13383e-20              5.25368e-05                 0.334423               0.00106292              7.37825e-14              9.38653e-18              1.75128e-08               2.9949e-24              1.01697e-22              2.51089e-32              1.63009e-15              3.13271e-32              3.10265e-05                0.0693331              0.000345097                 0.594752                        1
      1300       0.167627      -0.221627              2.46013e-21              2.93716e-07              4.69435e-17              1.29443e-16              1.93252e-19              3.77251e-05                  0.33532              0.000574395              3.71155e-13               7.5868e-17               4.0123e-08              6.53775e-23              1.42682e-21              1.27247e-30              8.59484e-15              1.66213e-30              5.03219e-05                0.0694437              0.000209811                 0.594363                        1
      1350       0.167818      -0.153916              2.88938e-20              6.33055e-07              1.65739e-16              6.65413e-16              1.48504e-18              2.77229e-05                 0.335784              0.000324785              1.65516e-12              5.24687e-16              8.63284e-08              1.13245e-21              1.64252e-20              4.81432e-29              4.00009e-14               6.5576e-29              7.86986e-05                0.0695035              0.000132175                 0.594149                        1
      1400       0.167936     -0.0868137              2.84481e-19              1.29236e-06              5.35263e-16              3.04504e-15              9.85594e-18              2.08082e-05                 0.336034              0.000191419              6.62814e-12              3.15748e-15              1.75654e-07              1.59566e-20              1.58484e-19              1.40313e-27              1.66572e-13              1.98585e-27              0.000119146                0.0695298              8.60141e-05                 0.594017                        1
      1450       0.168022     -0.0198227              2.39124e-18              2.51301e-06               1.5962e-15              1.25539e-14              5.73618e-17              1.59217e-05                 0.336174              0.000117143              2.41013e-11              1.67748e-14              3.39991e-07              1.86847e-19              1.30543e-18              3.23654e-26              6.27874e-13              4.74415e-26              0.000175213                0.0695316              5.76489e-05                 0.593925                        1
      1500       0.168096       0.047312              1.74333e-17              4.67703e-06               4.4308e-15              4.71157e-14              2.96642e-16              1.23975e-05                 0.336256              7.41717e-05              8.03481e-11               7.9668e-14              6.29186e-07              1.85231e-18              9.32605e-18              6.04856e-25              2.16385e-12              9.15547e-25              0.000251013                0.0695127              3.96833e-05                 0.593848                        1
      1550       0.168171       0.114733              1.11764e-16              8.36636e-06              1.15284e-14              1.62436e-13              1.37881e-15              9.80753e-06                 0.336305              4.84351e-05              2.47658e-10               3.4193e-13              1.11811e-06              1.57993e-17              5.85884e-17              9.34705e-24              6.87755e-12              1.45709e-23              0.000351209                0.0694743              2.79853e-05                 0.593773                        1
      1600       0.168256        0.18253              6.37704e-16              1.44372e-05              2.82868e-14              5.18529e-13              5.81808e-15              7.87082e-06                 0.336335              3.25266e-05              7.10994e-10              1.33887e-12              1.91529e-06              1.17598e-16               3.2759e-16              1.21591e-22               2.0313e-11              1.94729e-22              0.000480986                0.0694152              2.01733e-05                 0.593692                        1
      1650       0.168356       0.250773              3.27291e-15              2.41106e-05               6.5801e-14              1.54336e-12              2.24842e-14              6.39917e-06                 0.336354              2.24063e-05               1.9135e-09              4.82288e-12              3.17291e-06              7.73375e-16              1.64759e-15              1.35252e-21              5.61211e-11              2.22031e-21              0.000645997                0.0693334              1.48346e-05                 0.593596                        1
      1700       0.168478       0.319522              1.52512e-14              3.90781e-05              1.45798e-13              4.30956e-12              8.01964e-14              5.26415e-06                 0.336364              1.57971e-05              4.85538e-09              1.61001e-11               5.0982e-06               4.5433e-15              7.52345e-15              1.30442e-20              1.45887e-10               2.1904e-20              0.000852299                0.0692255              1.11081e-05                 0.593482                        1
      1750       0.168625       0.388838              6.50614e-14              6.16233e-05              3.08986e-13              1.13512e-11              2.65819e-13               4.3766e-06                 0.336369              1.13759e-05              1.16747e-08              5.01324e-11               7.9655e-06              2.40745e-14                3.145e-14              1.10418e-19              3.58658e-10              1.89303e-19               0.00110627                0.0690875              8.45595e-06                 0.593343                        1
      1800       0.168803       0.458786              2.55969e-13               9.4755e-05              6.28633e-13              2.83397e-11              8.23774e-13              3.67354e-06                  0.33637               8.3526e-06              2.67206e-08              1.46446e-10              1.21289e-05              1.16063e-13              1.21238e-13              8.29358e-19                8.377e-10              1.44913e-18               0.00141452                0.0689144              6.53437e-06                 0.593176                        1
      1850       0.169015        0.52944              9.34864e-13               0.00014235              1.23184e-12              6.73555e-11              2.39976e-12              3.10987e-06                 0.336366              6.24297e-06              5.84481e-08              4.03396e-10              1.80343e-05               5.1301e-13              4.33814e-13              5.58145e-18              1.86636e-09               9.9232e-18               0.00178374                0.0687007                5.119e-06                 0.592975                        1
      1900       0.169268       0.600883              3.18828e-12                0.0002093              2.33176e-12              1.52987e-10              6.60327e-12              2.65278e-06                 0.336358              4.74322e-06              1.22624e-07               1.0526e-09              2.62303e-05              2.09333e-12              1.44926e-12               3.3949e-17              3.98067e-09               6.1322e-17               0.00222064                  0.06844              4.06048e-06                 0.592735                        1
      1950       0.169564       0.673206               1.0207e-11              0.000301657                4.275e-12               3.3323e-10              1.72368e-11              2.27812e-06                 0.336344              3.65856e-06              2.47548e-07              2.61244e-09               3.7377e-05              7.93437e-12              4.54389e-12              1.88092e-16              8.15383e-09              3.44694e-16               0.00273172                0.0681253              3.25757e-06                  0.59245                        1
      2000       0.169909       0.746515              3.08206e-11              0.000426769               7.6092e-12              6.98235e-10              4.28493e-11              1.96786e-06                 0.336325              2.86153e-06               4.8226e-07              6.18979e-09              5.22508e-05              2.80909e-11              1.34333e-11              9.55919e-16               1.6086e-08              1.77499e-15               0.00332319                0.0677489              2.64049e-06                 0.592116                        1
      2050       0.170307       0.820925              8.81532e-11              0.000593399              1.31773e-11               1.4114e-09              1.01796e-10              1.70842e-06                 0.336298              2.26716e-06              9.09022e-07               1.4047e-08               7.1745e-05              9.33628e-11              3.76047e-11              4.48468e-15              3.06422e-08              8.42736e-15               0.00400076                0.0673023               2.1604e-06                 0.591727                        1
      2100       0.170762       0.896565              2.39759e-10              0.000811815              2.22452e-11              2.75931e-09              2.31833e-10              1.48946e-06                 0.336262              1.81781e-06              1.66175e-06              3.06233e-08               9.6863e-05              2.92623e-10              1.00057e-10              1.95338e-14              5.64892e-08              3.71059e-14               0.00476945                0.0667767              1.78257e-06                 0.591276                        1
      2150       0.171277       0.973574              6.22267e-10               0.00109384              3.66719e-11              5.22944e-09              5.07583e-10              1.30302e-06                 0.336215              1.47375e-06              2.95248e-06              6.43052e-08              0.000128705              8.68474e-10              2.53916e-10              7.94042e-14              1.00987e-07              1.52314e-13               0.00563342                0.0661626              1.48203e-06                 0.590759                        1
      2200       0.171857         1.0521              1.54608e-09               0.00145285              5.91305e-11              9.62782e-09              1.07111e-09              1.14292e-06                 0.336155              1.20716e-06              5.10838e-06              1.30381e-07              0.000168443              2.44987e-09              6.16472e-10              3.02657e-13               1.7539e-07              5.85679e-13               0.00659573                  0.06545              1.24053e-06                 0.590169                        1
      2250       0.172503        1.13231              3.68811e-09               0.00190373              9.33905e-11              1.72525e-08              2.18352e-09              1.00433e-06                 0.336079              9.98301e-07              8.62232e-06                2.558e-07              0.000217288              6.59095e-09              1.43593e-09              1.08636e-12              2.96407e-07              2.11885e-12               0.00765816                0.0646289              1.04464e-06                 0.589501                        1
      2300       0.173219        1.21437              8.46929e-09               0.00246268              1.44671e-10              3.01429e-08              4.30908e-09              8.83463e-07                 0.335984              8.32961e-07              1.42205e-05              4.86591e-07              0.000276445              1.69638e-08              3.21704e-09              3.68657e-12              4.88135e-07              7.24087e-12               0.00882095                0.0636893              8.84327e-07                 0.588749                        1
      2350       0.174005        1.29846               1.8768e-08               0.00314704              2.20079e-10              5.14309e-08              8.24775e-09              7.77326e-07                 0.335868              7.00796e-07              2.29506e-05              8.99042e-07               0.00034705              4.18892e-08              6.94836e-09                1.187e-11              7.84358e-07              2.34593e-11                0.0100826                0.0626213              7.52019e-07                 0.587907                        1
      2400       0.174862        1.38474              4.02241e-08               0.00397492              3.29133e-10              8.58235e-08              1.53375e-08              6.83544e-07                 0.335726              5.94183e-07              3.62958e-05              1.61604e-06              0.000430106              9.94993e-08              1.44984e-08              3.63821e-11              1.23113e-06              7.22975e-11                0.0114397                0.0614159              6.41965e-07                 0.586972                        1
      2450        0.17579        1.47341              8.35484e-08               0.00496479                4.844e-10              1.40255e-07              2.77535e-08              6.00231e-07                 0.335556              5.07442e-07              5.63169e-05              2.83018e-06              0.000526398              2.27886e-07              2.92817e-08              1.06475e-10              1.88948e-06              2.12593e-10                0.0128866                0.0600649              5.49747e-07                 0.585938                        1
      2500       0.176787        1.56465              1.68498e-07               0.00613489               7.0224e-10              2.24748e-07               4.8937e-08              5.25889e-07                 0.335354              4.36299e-07              8.58303e-05              4.83554e-06              0.000636406              5.04374e-07              5.73407e-08              2.98356e-10              2.83803e-06              5.98159e-10                0.0144154                0.0585618              4.71947e-07                 0.584801                        1
      2550       0.177852        1.65864              3.30526e-07               0.00750257              1.00367e-09               3.5354e-07              8.41914e-08              4.59329e-07                 0.335116              3.77504e-07              0.000128623              8.06991e-06              0.000760213              1.08095e-06              1.09045e-07               8.0253e-10              4.17503e-06              1.61457e-09                0.0160159                0.0569017              4.05898e-07                 0.583559                        1
      2600       0.178983        1.75556              6.31642e-07               0.00908355              1.41534e-09              5.46518e-07              1.41486e-07              3.99609e-07                 0.334839              3.28565e-07              0.000189714              1.31692e-05              0.000897413              2.24747e-06              2.01673e-07              2.07708e-09              6.01961e-06              4.19093e-09                0.0176751                0.0550826              3.49506e-07                 0.582209                        1
      2650       0.180175        1.85559              1.17769e-06                 0.010891              1.97069e-09              8.31032e-07              2.32508e-07               3.4598e-07                 0.334518              2.87554e-07              0.000275657              2.10354e-05               0.00104703              4.54115e-06              3.63209e-07              5.18394e-09              8.51133e-06              1.04844e-08                0.0193779                 0.053105              3.01113e-07                 0.580748                        1
      2700       0.181426        1.95894              2.14529e-06                0.0129348              2.71118e-09              1.24415e-06              3.73985e-07              2.97848e-07                  0.33415              2.52966e-07              0.000394905               3.2918e-05               0.00120747              8.93144e-06              6.37753e-07              1.25014e-08              1.18079e-05              2.53307e-08                0.0211064                0.0509729              2.59402e-07                 0.579174                        1
      2750       0.182736        2.06581              3.82281e-06                0.0152203              3.68769e-09              1.83539e-06               5.8931e-07              2.54736e-07                 0.333732              2.23618e-07              0.000558221              5.05085e-05               0.00137644               1.7124e-05              1.09298e-06              2.91851e-08                1.608e-05              5.92174e-08                0.0228407                0.0486941              2.23319e-07                 0.577486                        1
      2800       0.184105         2.1765               6.6717e-06                0.0177477              4.96204e-09              2.67011e-06              9.10453e-07              2.16257e-07                 0.333259              1.98573e-07              0.000779145              7.60454e-05               0.00155102              3.20495e-05              1.83008e-06              6.60735e-08              2.15036e-05              1.34189e-07                0.0245588                0.0462801              1.92011e-07                 0.575682                        1
      2850        0.18554        2.29134              1.14163e-05                0.0205111              6.60861e-09              3.83341e-06              1.38011e-06              1.82084e-07                 0.332728              1.77083e-07               0.00107453              0.000112423               0.00172764              5.86303e-05              2.99658e-06              1.45297e-07              2.82485e-05              2.95235e-07                0.0262374                0.0437467              1.64791e-07                 0.573755                        1
      2900       0.187054        2.41084              1.91731e-05                0.0234979              8.71608e-09              5.43484e-06              2.05402e-06               1.5193e-07                 0.332132              1.58546e-07               0.00146512              0.000163302               0.00190219              0.000104961              4.80233e-06              3.10815e-07              3.64644e-05              6.31632e-07                0.0278516                0.0411134              1.41092e-07                   0.5717                        1
      2950       0.188674        2.53574              3.16337e-05                0.0266883              1.13892e-08              7.61386e-06              3.00332e-06               1.2553e-07                 0.331465              1.42474e-07               0.00197619              0.000233201               0.00207019              0.000184089              7.53856e-06              6.47703e-07              4.62649e-05              1.31591e-06                0.0293764                0.0384032               1.2045e-07                 0.569505                        1
      3000       0.190445        2.66712              5.13199e-05                0.0300549              1.47506e-08               1.0546e-05              4.31678e-06              1.02629e-07                 0.330719              1.28471e-07               0.00263823              0.000327574               0.00222694              0.000316643              1.15999e-05              1.31657e-06              5.77099e-05               2.6732e-06                0.0307864                0.0356422              1.02477e-07                 0.567149                        1
      3050       0.192437        2.80656              8.19335e-05                 0.033563              1.89422e-08              1.44496e-05              6.10255e-06              8.29659e-08                 0.329878              1.16207e-07               0.00348764              0.000452845               0.00236772              0.000534657              1.75083e-05              2.61361e-06              7.07886e-05              5.30178e-06                0.0320569                0.0328583              8.68439e-08                 0.564602                        1
      3100       0.194762        2.95644              0.000128829                0.0371709               2.4127e-08              1.95939e-05              8.48933e-06              6.62754e-08                 0.328922              1.05411e-07               0.00456742              0.000616387               0.00248806              0.000887036              2.59379e-05              5.07297e-06              8.54043e-05              1.02778e-05                 0.033164                0.0300808              7.32711e-08                 0.561819                        1
      3150       0.197586        3.12017              0.000199645                0.0408299               3.0489e-08              2.63065e-05              1.16264e-05              5.22809e-08                 0.327822              9.58538e-08               0.00592782              0.000826434                0.0025839               0.00144722               3.7738e-05              9.63767e-06              0.000101362               1.9496e-05                 0.034085                0.0273386              6.15153e-08                 0.558733                        1
      3200       0.201156        3.30272              0.000305136                0.0444852              3.82334e-08              3.49816e-05              1.56825e-05              4.06988e-08                 0.326533              8.73387e-08               0.00762685                0.0010919               0.00265181               0.00232384              5.39524e-05              1.79394e-05              0.000118362              3.62242e-05                0.0347988                0.0246593              5.13626e-08                 0.555247                        1
      3250       0.205832        3.51116              0.000460251                0.0480763              4.75831e-08              4.60868e-05              2.08417e-05              3.12424e-08                 0.324992               7.9696e-08               0.00973043                0.0014221               0.00268908               0.00367518               7.5829e-05              3.27475e-05              0.000135995              6.59894e-05                0.0352851                0.0220677              4.26225e-08                 0.551225                        1
      3300       0.212137        3.75542              0.000685528                0.0515365               5.8773e-08              6.01684e-05              2.72979e-05              2.36287e-08                 0.323106              7.27749e-08                0.0123122               0.00182623               0.00269378               0.00572871              0.000104815               5.8677e-05              0.000153739              0.000117968                 0.035524                0.0195853              3.51239e-08                 0.546479                        1
      3350       0.220824        4.04931               0.00100886                0.0547929               7.2038e-08              7.78517e-05               3.5244e-05              1.75852e-08                 0.320749              6.64386e-08                0.0154522                0.0023128               0.00266471               0.00880702              0.000142527              0.000103285              0.000170968              0.000207128                0.0354952                0.0172288               2.8712e-08                 0.540752                        1
      3400       0.232982         4.4117               0.00146771                0.0577638              8.75915e-08              9.98331e-05              4.48557e-05              1.28571e-08                  0.31774              6.05592e-08                0.0192348               0.00288858               0.00260132                0.0133618              0.000190684              0.000178744              0.000186944              0.000357473                 0.035176                0.0150102              2.32473e-08                 0.533697                        1
      3450       0.250188        4.86806                0.0021119                0.0603564               1.0559e-07              0.000126858              5.62665e-05              9.21256e-09                 0.313834              5.50146e-08                0.0237434                0.0035572               0.00250351                 0.020018              0.000250978              0.000304344              0.000200815              0.000606878                0.0345403                0.0129364              1.86042e-08                 0.524852                        1
      3500        0.27476        5.45204               0.00300702                0.0624614              1.26077e-07              0.000159676              6.95302e-05              6.44632e-09                 0.308698              4.96857e-08                0.0290524               0.00431711               0.00237149                0.0296301              0.000324854              0.000510203              0.000211612                0.0010142                0.0335559                0.0110097              1.46712e-08                 0.513606                        1
