   "Tw[K]"          "B'c"    "hw[MJ/kg]"                      "C"                      "H"                      "O"                      "N"                     "CH"                    "CH4"                     "CO"                    "CO2"                     "CN"                    "C2H"         "C2H2,acetylene"                     "C3"                    "C3H"                     "C4"         "C4H2,butadiyne"                     "C5"                    "HCN"                     "H2"                    "H2O"                     "N2"                  "C(gr)"
       300              0       -5.49149             1.52208e-116              1.00017e-37              5.91825e-76              1.00016e-79             1.64594e-100                  0.18311              1.03257e-11                0.0072985              1.57438e-71              8.40969e-94              1.21791e-41             1.88012e-134             9.87948e-119             6.46765e-172              2.79043e-78              1.5219e-173               2.0941e-24              5.59954e-05                 0.424492                 0.385044                        1
       350              0        -5.3617              1.03726e-98              7.93827e-32              1.07611e-64              5.76699e-68              3.56234e-85                 0.191036              2.11538e-09                0.0154835              1.29404e-60              3.07195e-79              5.09457e-35             1.49905e-113             2.01633e-100             1.53128e-145              3.90715e-66             7.44496e-147              1.26884e-20              0.000495274                 0.408026                 0.384959                        1
       400              0       -5.22161              2.51717e-85               2.1812e-27               2.9291e-56              3.86562e-59              1.16351e-73                 0.199515              1.11334e-07                0.0252229              2.00472e-52              2.66288e-68              4.87573e-30              7.30075e-98              1.13932e-86             9.68671e-126              5.33668e-57             8.18523e-127              8.84755e-18               0.00264014                 0.388076                 0.384546                        1
       450              0       -5.07793              6.57743e-75              6.31659e-24              1.05157e-49              2.85736e-52              1.06647e-64                 0.205178              2.38316e-06                0.0351636              4.71745e-46              8.74155e-60              3.71338e-26              1.17661e-85              5.80652e-76             2.51076e-110              7.04481e-50             3.27869e-111              1.44938e-15                0.0099174                 0.366594                 0.383145                        1
       500              0       -4.92849              1.43274e-66              3.75333e-21              1.83852e-44              8.97584e-47              1.58286e-57                 0.203757              2.73635e-05                0.0447813              5.89646e-41              5.72268e-53               4.7334e-23              6.90204e-76              2.15811e-67              5.47748e-98              3.54508e-44              1.01661e-98              8.53033e-14                0.0287109                 0.343202                 0.379521                        1
       550              0       -4.76235              9.57677e-60              6.97263e-19              3.59206e-40               2.8244e-42              1.15766e-51                 0.190493              0.000200925                0.0541948              8.67764e-37              2.14591e-47                1.611e-20              6.78882e-68              2.20805e-60              6.89699e-88               1.6198e-39              1.71003e-88              2.35347e-12                0.0674051                 0.315668                 0.372038                        1
       600              0       -4.56038              4.68549e-54              5.34518e-17              1.36269e-36              1.57615e-38              8.73658e-47                 0.162547               0.00105972                0.0638037              2.55594e-33              9.28884e-43              1.98572e-18              3.10323e-61              1.50411e-54              1.81163e-79              1.19137e-35              5.72386e-80              3.62054e-11                 0.131884                 0.281247                 0.359459                        1
       650              0       -4.29561              3.06419e-49              2.04556e-15              1.46579e-33              2.31954e-35              1.13308e-42                 0.122937               0.00433489                 0.073685              2.17871e-30              7.52943e-39              1.09082e-16              1.33616e-55              1.25577e-49              2.41848e-72              2.09017e-32              9.38566e-73               3.5001e-10                  0.21836                 0.238504                  0.34218                        1
       700              0       -3.93479              4.11928e-45              4.48722e-14              5.79841e-31              1.19828e-32              3.64423e-39                0.0813706                0.0143788                0.0822266              7.01346e-28              1.61873e-35              3.11091e-15              8.98055e-51              1.99218e-45              3.10165e-66              1.16388e-29               1.4359e-66              2.32691e-09                 0.310628                 0.188914                 0.322482                        1
       750              0       -3.44005              1.56109e-41              6.28418e-13              1.00184e-28              2.68339e-30              3.82805e-36                0.0478756                0.0392195                0.0844596              1.03767e-25              1.19919e-32              5.21731e-14              1.36507e-46              8.33797e-42              6.09807e-61              2.56924e-27              3.28915e-61              1.14508e-08                 0.388809                 0.136989                 0.302647                        1
       800              0       -2.78509              2.11375e-38              6.12894e-12              8.41618e-27              3.04745e-28              1.62467e-33                0.0259541                0.0869812                0.0737086              8.16643e-24              3.74879e-30              5.71947e-13               6.1982e-43              1.18506e-38              2.61035e-56              2.68965e-25                1.609e-56               4.4291e-08                 0.441286                0.0887218                 0.283349                        1
       850              0       -2.02871              1.22586e-35               4.4656e-11              3.67359e-25              1.98071e-26              3.29047e-31                0.0135206                 0.153106                0.0498257              3.82608e-22              5.79593e-28              4.47672e-12              1.04021e-39              6.96419e-36               3.1821e-52              1.54301e-23              2.20584e-52               1.4162e-07                 0.468158                0.0499452                 0.265444                        1
       900              0       -1.36635              3.50638e-33              2.57622e-10              8.89749e-24              8.13467e-25               3.6326e-29               0.00709116                 0.212885                0.0249696              1.17067e-20              5.03214e-26              2.69865e-11              7.61531e-37              1.97936e-33              1.36142e-48              5.46696e-22              1.04718e-48              3.92635e-07                 0.478716                 0.024436                 0.251902                        1
       950      0.0318796      -0.938571              5.52974e-31              1.23176e-09              1.33784e-22              2.28215e-23              2.42743e-27               0.00387992                  0.24745                 0.010111              2.51606e-19               2.7117e-24              1.32938e-10              2.77216e-34              3.07863e-31              2.41119e-45              1.31409e-20              2.03462e-45              9.79603e-07                 0.483131                  0.01103                 0.244397                        1
      1000      0.0461211      -0.690972               5.2566e-29              5.03778e-09              1.42395e-21              4.62501e-22              1.06247e-25                 0.002234                 0.262232               0.00385017              4.00058e-18               9.7777e-23              5.55638e-10              5.57202e-32              2.87855e-29              2.01751e-42              2.28759e-19              1.84956e-42              2.24011e-06                 0.485642               0.00497256                 0.241067                        1
      1050      0.0516728      -0.527953               3.2376e-27               1.8033e-08              1.17622e-20              7.06988e-21              3.23818e-24               0.00134836                 0.267943               0.00151497              4.89757e-17               2.5003e-21              2.02034e-09              6.73154e-30              1.74117e-27              8.87619e-40              3.02439e-18              8.76666e-40              4.74271e-06                 0.487178               0.00234082                  0.23967                        1
      1100      0.0538091      -0.398432              1.37065e-25              5.75401e-08              7.94856e-20              8.45525e-20              7.22192e-23              0.000848844                 0.270182              0.000636047              4.77539e-16              4.75324e-20              6.51715e-09              5.23934e-28              7.23206e-26              2.24132e-37              3.15442e-17              2.36761e-37              9.38074e-06                 0.488099                0.0011657                 0.239059                        1
      1150      0.0546557       -0.28187              4.18825e-24              1.66147e-07              4.54038e-19              8.16205e-19              1.22788e-21              0.000554925                 0.271108              0.000286274              3.81752e-15              6.98434e-19              1.89524e-08              2.78237e-26              2.16674e-24               3.4921e-35              2.67803e-16              3.92039e-35              1.74795e-05                 0.488649              0.000613929                  0.23877                        1
      1200      0.0550082      -0.170334              9.62089e-23              4.39615e-07              2.24394e-18              6.52984e-18              1.64668e-20               0.00037524                 0.271515              0.000137575              2.56423e-14              8.19324e-18              5.03509e-08              1.05755e-24              4.87828e-23              3.56604e-33              1.89937e-15              4.23091e-33              3.09084e-05                 0.488981              0.000340475                  0.23862                        1
      1250      0.0551705     -0.0606284              1.71923e-21              1.07711e-06              9.77114e-18              4.42736e-17              1.79236e-19               0.00026153                 0.271704               7.0162e-05               1.4776e-13              7.88442e-17              1.23562e-07               2.9949e-23              8.54222e-22              2.51089e-31              1.15012e-14              3.13271e-31              5.21918e-05                 0.489181               0.00019782                 0.238532                        1
      1300      0.0552656      0.0486265              2.46013e-20              2.46546e-06              3.80505e-17              2.59281e-16              1.62216e-18               0.00018729                 0.271797               3.7738e-05              7.43443e-13              6.36838e-16              2.82706e-07              6.53775e-22              1.19768e-20              1.27247e-29              6.05591e-14              1.66213e-29              8.46097e-05                   0.4893              0.000119827                 0.238471                        1
      1350      0.0553475        0.15808              2.88938e-19              5.31195e-06              1.34179e-16              1.33296e-15              1.24609e-17              0.000137432                 0.271844               2.1287e-05              3.31561e-12              4.40263e-15              6.07825e-07              1.13245e-20              1.37824e-19              4.81432e-28               2.8164e-13               6.5576e-28              0.000132283                 0.489363              7.53412e-05                 0.238421                        1
      1400       0.055444       0.268077              2.84481e-18              1.08424e-05              4.33054e-16              6.09984e-15              8.26872e-17              0.000103085                 0.271868              1.25296e-05              1.32775e-11              2.64899e-14              1.23634e-06              1.59566e-19              1.32961e-18              1.40313e-26              1.17241e-12              1.98585e-26              0.000200238                 0.489386              4.89807e-05                  0.23837                        1
      1450      0.0555728       0.378839              2.39124e-17              2.10825e-05              1.29092e-15               2.5147e-14              4.81229e-16              7.88685e-05                  0.27188              7.66198e-06              4.82776e-11               1.4073e-13               2.3929e-06              1.86847e-18              1.09517e-17              3.23654e-25              4.41906e-12              4.74415e-25              0.000294443                 0.489372              3.28141e-05                  0.23831                        1
      1500      0.0557481       0.490543              1.74333e-16              3.92406e-05              3.58259e-15              9.43697e-14              2.48885e-15              6.14322e-05                 0.271885              4.84918e-06              1.60932e-10               6.6842e-13              4.42905e-06              1.85231e-17              7.82462e-17              6.04856e-24              1.52321e-11              9.15547e-24              0.000421822                 0.489323              2.25868e-05                 0.238237                        1
      1550      0.0559837        0.60337              1.11764e-15              7.02074e-05              9.32012e-15              3.25306e-13              1.15704e-14              4.86346e-05                 0.271885              3.16566e-06              4.95977e-10              2.86935e-12               7.8737e-06              1.57993e-16              4.91652e-16              9.34705e-23              4.84314e-11              1.45709e-22              0.000590231                 0.489234              1.59321e-05                 0.238144                        1
      1600      0.0562946       0.717526              6.37704e-15              0.000121187               2.2866e-14              1.03826e-12              4.88371e-14              3.90752e-05                 0.271881              2.12545e-06              1.42363e-09              1.12385e-11              1.34951e-05              1.17598e-15               2.7498e-15              1.21591e-21              1.43125e-10              1.94729e-21              0.000808415                 0.489098              1.14901e-05                 0.238026                        1
      1650      0.0566971       0.833264              3.27291e-14              0.000202464              5.31863e-14              3.08955e-12              1.88806e-13              3.18186e-05                 0.271871              1.46388e-06              3.83052e-09              4.04992e-11              2.23737e-05              7.73375e-15              1.38353e-14              1.35252e-20              3.95735e-10              2.22031e-20               0.00108592                 0.488902              8.45518e-06                 0.237875                        1
      1700      0.0572094       0.950907              1.52512e-13              0.000328315              1.17836e-13              8.62442e-12               6.7377e-13              2.62275e-05                 0.271855              1.03188e-06              9.71672e-09              1.35265e-10              3.59857e-05               4.5433e-14              6.32083e-14              1.30442e-19              1.02975e-09               2.1904e-19                 0.001433                  0.48863              6.33697e-06                 0.237684                        1
      1750      0.0578519        1.07086              6.50614e-13               0.00051805                2.497e-13              2.27076e-11              2.23467e-12              2.18597e-05                 0.271829              7.42926e-07              2.33547e-08              4.21449e-10              5.62946e-05              2.40745e-13              2.64391e-13              1.10418e-18              2.53474e-09              1.89303e-18               0.00186045                 0.488262              4.82943e-06                 0.237446                        1
      1800      0.0586472        1.19363              2.55969e-12              0.000797178              5.07945e-13              5.66654e-11              6.93044e-12              1.84033e-05                 0.271792              5.45331e-07              5.34279e-08              1.23206e-09              8.58473e-05              1.16063e-12              1.01998e-12              8.29358e-18              5.92917e-09              1.44913e-17               0.00237949                 0.487771              3.73705e-06                 0.237152                        1
      1850        0.05962        1.31985              9.34864e-12               0.00119866              9.95154e-13              1.34598e-10              2.02072e-11               1.5635e-05                 0.271737              4.07442e-07              1.16798e-07               3.3968e-09              0.000127872               5.1301e-12              3.65294e-12              5.58145e-17              1.32334e-08               9.9232e-17               0.00300149                 0.487123              2.93224e-06                 0.236793                        1
      1900      0.0607975        1.45028              3.18828e-11               0.00176424              1.88325e-12              3.05497e-10              5.56604e-11              1.33922e-05                  0.27166              3.09402e-07              2.44866e-07              8.87258e-09              0.000186371              2.09333e-11              1.22161e-11               3.3949e-16              2.82834e-08               6.1322e-16               0.00373782                 0.486279              2.33011e-06                 0.236356                        1
      1950      0.0622091        1.58588               1.0207e-10               0.00254574               3.4515e-12              6.64842e-10              1.45465e-10              1.15553e-05                 0.271554              2.38481e-07              4.93895e-07              2.20469e-08              0.000266199              7.93437e-11              3.83468e-11              1.88092e-15              5.80716e-08              3.44694e-15               0.00459951                 0.485189              1.87313e-06                 0.235831                        1
      2000      0.0638863        1.72773              3.08206e-10               0.00360639              6.14052e-12              1.39162e-09              3.62096e-10              1.00349e-05                  0.27141               1.8635e-07              9.61173e-07              5.23066e-08              0.000373124              2.80909e-10              1.13518e-10              9.55919e-15               1.1487e-07              1.77499e-14                 0.005597                 0.483796              1.52164e-06                 0.235206                        1
      2050      0.0658627        1.87716              8.81532e-10               0.00502191              1.06272e-11               2.8095e-09              8.61492e-10              8.76364e-06                 0.271217              1.47457e-07              1.80947e-06              1.18879e-07               0.00051385              9.33628e-10              3.18247e-10              4.48468e-14              2.19465e-07              8.42736e-14               0.00673973                 0.482031              1.24787e-06                 0.234464                        1
      2100      0.0681733        2.03569              2.39759e-09               0.00688148              1.79254e-11              5.48449e-09              1.96517e-09              7.69006e-06                 0.270964              1.18036e-07              3.30294e-06              2.59583e-07              0.000695998              2.92623e-09              8.48151e-10              1.95338e-13              4.05897e-07              3.71059e-13               0.00803579                 0.479817              1.03212e-06                 0.233594                        1
      2150      0.0708547        2.20504              6.22267e-09                0.0092883               2.9519e-11              1.03761e-08              4.31012e-09              6.77454e-06                 0.270636              9.54906e-08              5.85821e-06              5.46045e-07              0.000928024              8.68474e-09              2.15612e-09              7.94042e-13              7.28164e-07              1.52314e-12               0.00949145                 0.477064              8.60179e-07                 0.232577                        1
      2200      0.0739441        2.38719              1.54608e-08                0.0123597               4.7532e-11              1.90643e-08              9.11212e-09              5.98627e-06                 0.270218              7.80036e-08              1.01152e-05              1.10917e-06               0.00121906              2.44987e-08              5.24444e-09              3.02657e-12              1.26934e-06              5.85679e-12                0.0111107                 0.473675              7.21696e-07                 0.231398                        1
      2250      0.0774789         2.5843              3.68811e-08                0.0162266              7.49424e-11              3.40809e-08              1.86115e-08              5.30113e-06                 0.269691              6.42853e-08              1.70327e-05              2.18034e-06               0.00157864              6.59095e-08              1.22393e-08              1.08636e-11              2.15345e-06              2.11885e-11                0.0128946                 0.469541              6.09033e-07                 0.230041                        1
      2300      0.0814958        2.79877              8.46929e-08                0.0210324              1.15844e-10              5.93814e-08              3.68015e-08              4.70017e-06                 0.269036               5.3408e-08              2.80143e-05              4.15571e-06               0.00201637              1.69638e-07               2.7475e-08              3.68657e-11              3.56043e-06              7.24087e-11                 0.014841                 0.464546              5.16496e-07                 0.228487                        1
      2350        0.08603        3.03318               1.8768e-07                0.0269304              1.75759e-10              1.00999e-07              7.05791e-08              4.16838e-06                 0.268231              4.46964e-08              4.50699e-05              7.69344e-06               0.00254141              4.18892e-07              5.94598e-08                1.187e-10              5.74376e-06              2.34593e-10                0.0169436                 0.458568              4.39796e-07                 0.226721                        1
      2400      0.0911142        3.29028              4.02241e-07                0.0340808              2.62005e-10              1.67929e-07              1.31503e-07              3.69394e-06                 0.267254              3.76529e-08              7.10192e-05              1.38558e-05               0.00316182              9.94993e-07              1.24308e-07              3.63821e-10              9.05035e-06              7.22975e-10                0.0191917                 0.451484              3.75674e-07                 0.224728                        1
      2450       0.096778        3.57293              8.35484e-07                0.0426458               3.8411e-10              2.73306e-07              2.38393e-07              3.26753e-06                 0.266082              3.19071e-08              0.000109741              2.43102e-05               0.00388387              2.27886e-06              2.51519e-07              1.06475e-09               1.3941e-05              2.12593e-09                0.0215697                 0.443171              3.21635e-07                 0.222492                        1
      2500       0.103048        3.88411              1.68498e-06                0.0527838              5.54274e-10              4.35918e-07              4.21048e-07              2.88185e-06                 0.264693              2.71807e-08              0.000166475              4.16044e-05               0.00471111              5.04374e-06              4.93353e-07              2.98356e-09               2.1009e-05              5.98159e-09                0.0240564                 0.433514              2.75753e-07                 0.220002                        1
      2550       0.109947        4.22681              3.30526e-06                0.0646419               7.8787e-10              6.82141e-07              7.25391e-07              2.53129e-06                 0.263064              2.32623e-08              0.000248173              6.95301e-05               0.00564344              1.08095e-05              9.39529e-07               8.0253e-09              3.09934e-05              1.61457e-08                0.0266251                  0.42241              2.36533e-07                 0.217248                        1
      2600         0.1175        4.60404              6.31642e-06                 0.078347              1.10396e-09              1.04833e-06              1.22034e-06              2.21158e-06                 0.261175                1.999e-08              0.000363909              0.000113586               0.00667615              2.24747e-05              1.73946e-06              2.07708e-08              4.47818e-05              4.19093e-08                0.0292432                 0.409778              2.02807e-07                 0.214224                        1
      2650       0.125735        5.01878              1.17769e-05                0.0939956              1.52585e-09              1.58377e-06              2.00667e-06              1.91958e-06                 0.259008              1.72388e-08              0.000525342              0.000181547               0.00779898              4.54115e-05              3.13469e-06              5.18394e-08              6.33979e-05              1.04844e-07                0.0318727                  0.39556               1.7366e-07                 0.210928                        1
      2700       0.134696        5.47398              2.14529e-05                 0.111643              2.08155e-09              2.35413e-06              3.22794e-06              1.65303e-06                 0.256549              1.49115e-08              0.000747228              0.000284122               0.00899536              8.93144e-05              5.50458e-06              1.25014e-07              8.79662e-05              2.53307e-07                0.0344703                 0.379737               1.4837e-07                 0.207362                        1
      2750       0.144458        5.97261              3.82281e-05                 0.131291              2.80433e-09              3.44567e-06              5.08342e-06              1.41038e-06                 0.253789              1.29317e-08               0.00104797              0.000435689                0.0102419               0.00017124              9.42808e-06              2.91851e-07              0.000119649              5.92174e-07                0.0369883                 0.362326              1.26364e-07                 0.203531                        1
      2800       0.155161        6.51777               6.6717e-05                 0.152876              3.73307e-09              4.96991e-06              7.84252e-06              1.19059e-06                  0.25072              1.12391e-08               0.00145023              0.000655045                0.0115084              0.000320495               1.5764e-05              6.60735e-07              0.000159554              1.34189e-06                0.0393754                 0.343392              1.07184e-07                 0.199444                        1
      2850       0.167054        7.11294              0.000114163                 0.176259              4.91261e-09              7.06908e-06              1.18597e-05              9.92931e-07                 0.247338              9.78547e-09               0.00198151              0.000966092                0.0127578              0.000586303              2.57506e-05              1.45297e-06              0.000208602              2.95235e-06                0.0415777                  0.32305              9.04605e-08                 0.195111                        1
      2900        0.18057         7.7624              0.000191731                 0.201211              6.39383e-09              9.92194e-06              1.75884e-05              8.16835e-07                 0.243641              8.53169e-09               0.00267475               0.00139834                0.0139476               0.00104961               4.1122e-05              3.10815e-06              0.000267371              6.31632e-06                0.0435395                  0.30146              7.58908e-08                  0.19054                        1
      2950       0.196449        8.47183              0.000316337                 0.227408              8.23343e-09                1.375e-05               2.5591e-05              6.61741e-07                 0.239622              7.44582e-09               0.00356884               0.00198708                0.0150307               0.00184089              6.42352e-05              6.47703e-06              0.000335909              1.31591e-05                0.0452044                 0.278828              6.32217e-08                 0.185734                        1
      3000       0.215915        9.24925              0.000513199                 0.254415               1.0493e-08              1.88233e-05              3.65416e-05               5.2696e-07                 0.235262              6.50115e-09               0.00470894               0.00277292                0.0159574               0.00316643              9.81932e-05              1.31657e-05              0.000413528               2.6732e-05                0.0465154                 0.255399              5.22364e-08                 0.180683                        1
      3050       0.240958        10.1061              0.000819335                 0.281678              1.32371e-08              2.54652e-05              5.12157e-05              4.11593e-07                 0.230524              5.67492e-09               0.00614642               0.00380051                0.0166769               0.00534657              0.000146939              2.61361e-05              0.000498594              5.30178e-05                0.0474137                 0.231435              4.27451e-08                 0.175357                        1
      3100       0.274765        11.0587               0.00128829                 0.308507              1.65287e-08              3.40532e-05              7.04588e-05              3.14486e-07                 0.225335              4.94721e-09               0.00793793               0.00511582                 0.017139               0.00887036              0.000215277              5.07297e-05              0.000588307              0.000102778                0.0478371                 0.207212              3.45775e-08                 0.169695                        1
      3150       0.322402         12.129               0.00199645                 0.334045               2.0421e-08              4.50134e-05              9.51204e-05              2.34234e-07                 0.219569              4.30008e-09                0.0101432               0.00676137                0.0172953                0.0144722              0.000308749              9.63767e-05              0.000678468               0.00019496                0.0477164                 0.182991              2.75784e-08                 0.163591                        1
      3200       0.391923        13.3451               0.00305136                 0.357222              2.49423e-08              5.87996e-05              0.000125932              1.69229e-07                  0.21302              3.71701e-09                0.0128198               0.00876814                0.0170997                0.0232384              0.000433245              0.000179394              0.000763237              0.000362242                0.0469703                 0.159011              2.16066e-08                 0.156876                        1
      3250       0.496267        14.7389               0.00460251                 0.376685               3.0069e-08              7.58472e-05              0.000163298              1.17743e-07                 0.205371              3.18251e-09                0.0160138                0.0111423                0.0165081                0.0367518              0.000594131              0.000327475              0.000834865              0.000659894                 0.045499                 0.135473              1.65349e-08                 0.149298                        1
      3300        0.65675         16.339               0.00685528                 0.390671              3.56799e-08               9.6476e-05              0.000206931              7.80233e-08                 0.196151               2.6821e-09                0.0197418                0.0138437                0.0154794                0.0572871              0.000794545               0.00058677              0.000883441               0.00117968                0.0431786                 0.112544              1.22529e-08                   0.1405                        1
      3350       0.910046        18.1589                0.0100886                 0.396838              4.14801e-08              0.000120704              0.000255255              4.83842e-08                  0.18469              2.20281e-09                0.0239578                0.0167505                0.0139774                0.0880702               0.00103225               0.00103285              0.000896796               0.00207128                0.0398577                0.0903719              8.67201e-09                 0.129989                        1
      3400        1.32376        20.1781                0.0146771                    0.392              4.68781e-08               0.00014789              0.000304402              2.72688e-08                 0.170051              1.73459e-09                 0.028494                0.0196026                0.0119799                 0.133618               0.00129403               0.00178744              0.000860937               0.00357473                0.0353624                0.0691269              5.72982e-09                 0.117118                        1
      3450        2.03634        22.3246                 0.021119                 0.371765              5.07942e-08              0.000176035              0.000346574              1.32606e-08                  0.15097              1.27308e-09                0.0329476                0.0219106               0.00949817                  0.20018                0.0015459               0.00304344               0.00076188               0.00606878                0.0295225                  0.04908              3.39541e-09                 0.101065                        1
      3500        3.38141        24.4691                0.0300702                 0.330017               5.1371e-08              0.000200341              0.000367366              5.02356e-09                 0.125781              8.24888e-10                0.0364511                0.0228096               0.00662021                 0.296301               0.00171638               0.00510203              0.000590732                 0.010142                0.0222445                0.0307346              1.66877e-09                0.0808514                        1
