   "Tw[K]"          "B'c"    "hw[MJ/kg]"                      "C"                      "H"                      "O"                      "N"                     "CH"                    "CH4"                     "CO"                    "CO2"                     "CN"                    "C2H"         "C2H2,acetylene"                     "C3"                    "C3H"                     "C4"         "C4H2,butadiyne"                     "C5"                    "HCN"                     "H2"                    "H2O"                     "N2"                  "C(gr)"
       300              0       -4.48674             1.52208e-117              1.31665e-38              3.14468e-76              3.72291e-80             2.16676e-101                 0.054992              5.48663e-12                0.0206063              5.86037e-72              1.10708e-94              2.11062e-42             1.88012e-135             1.30056e-119             6.46765e-173              4.83576e-79              1.5219e-174              1.02615e-24              9.70391e-06                 0.390884                 0.533508                        1
       350              0       -4.35126              1.03726e-99              1.09272e-32              5.06077e-65              2.14686e-68              4.90362e-86                0.0685867              9.94832e-10                0.0342445              4.81729e-61              4.22859e-80              9.65316e-36             1.49905e-114             2.77551e-101             1.53128e-146              7.40325e-67             7.44496e-148              6.50194e-21              9.38442e-05                 0.363589                 0.533485                        1
       400              0       -4.22196              2.51717e-86              3.09752e-28              1.26476e-56              1.43965e-59              1.65229e-74                0.0811421              4.80732e-08                0.0470267              7.46608e-53              3.78155e-69              9.83274e-31              7.30075e-99              1.61794e-87             9.68671e-127              1.07623e-57             8.18523e-128               4.6793e-18              0.000532429                  0.33793                 0.533368                        1
       450              0        -4.1006              6.57743e-76              9.18049e-25              4.27971e-50              1.06568e-52                 1.55e-65                0.0915511              9.69905e-07                0.0582434              1.75942e-46              1.27049e-60              7.84397e-27              1.17661e-86              8.43915e-77             2.51076e-111              1.48811e-50             3.27869e-112              7.85645e-16               0.00209491                 0.315158                 0.532951                        1
       500              0       -3.98444              1.43274e-67              5.57354e-22              7.16191e-45                 3.36e-47              2.35048e-58                0.0990762              1.06594e-05                0.0679547              2.20727e-41              8.49794e-54              1.04376e-23              6.90204e-77               3.2047e-68              5.47748e-99              7.81727e-45              1.01661e-99              4.74181e-14               0.00633105                 0.294809                 0.531819                        1
       550              0       -3.86838              9.57677e-61              1.06284e-19               1.3497e-40              1.06534e-42              1.76464e-52                 0.102842              7.54965e-05                0.0765147              3.27314e-37              3.27102e-48              3.74318e-21              6.78882e-69              3.36575e-61              6.89699e-89              3.76363e-40              1.71003e-89              1.35314e-12                0.0156617                 0.275594                 0.529313                        1
       600              0       -3.74548              4.68549e-55              8.45615e-18              4.95355e-37              6.02127e-39              1.38214e-47                 0.101817              0.000385222                0.0843116              9.76431e-34              1.46951e-43               4.9698e-19              3.10323e-62              2.37953e-55              1.81163e-80              2.98173e-36              5.72386e-81              2.18814e-11                0.0330076                 0.255876                 0.524603                        1
       650              0       -3.60666              3.06419e-50              3.41274e-16              5.16676e-34              9.01517e-36              1.89039e-43                0.0952462                 0.001528                0.0915526              8.46781e-31              1.25618e-39              3.03624e-17              1.33616e-56              2.09508e-50              2.41848e-73              5.81788e-33              9.38566e-74              2.26957e-10                0.0607793                 0.234004                  0.51689                        1
       700              0       -3.43954              4.11928e-46              8.02722e-15              2.00136e-31              4.74504e-33              6.51918e-40                0.0833333               0.00496296                0.0979593              2.77724e-28              2.89575e-36              9.95551e-16              8.98055e-52              3.56382e-46              3.10165e-67              3.72464e-30               1.4359e-67              1.64835e-09                 0.099407                 0.208668                 0.505669                        1
       750              0        -3.2267              1.56109e-42              1.21856e-13              3.48698e-29              1.08068e-30              7.42292e-37                 0.067687                0.0136506                 0.102317              4.17903e-26              2.32533e-33              1.96175e-14              1.36507e-47              1.61681e-42              6.09807e-62              9.66052e-28              3.28915e-62              8.94231e-09                 0.146195                  0.17928                 0.490871                        1
       800              0       -2.94471              2.11375e-39              1.29019e-12              3.13211e-27              1.24473e-28              3.42008e-34                0.0509665                0.0323704                 0.102085              3.33557e-24              7.89153e-31              2.53452e-13               6.1982e-44              2.49465e-39              2.61035e-57              1.19189e-25                1.609e-57              3.80822e-08                 0.195551                 0.146316                 0.472711                        1
       850              0       -2.56944              1.22586e-36              1.01285e-11              1.59448e-25              8.16925e-27              7.46319e-32                0.0357817                 0.066454                 0.093867              1.57803e-22              1.31459e-28              2.30299e-12              1.04021e-40              1.57956e-36               3.1821e-53              7.93779e-24              2.20584e-53               1.3248e-07                 0.240838                 0.111521                 0.451539                        1
       900      0.0202777       -2.09775              3.50638e-34              6.19528e-11              4.90406e-24              3.35451e-25              8.73566e-30                0.0237153                 0.117336                0.0758558              4.82752e-21              1.21012e-26              1.56064e-11              7.61531e-38              4.75996e-34              1.36142e-49              3.16156e-22              1.04718e-49              3.89364e-07                 0.276843                0.0778884                 0.428361                        1
       950      0.0508148        -1.5816              5.52974e-32                3.078e-10              9.54815e-23              9.30078e-24              6.06584e-28                0.0151285                 0.176604                0.0515021               1.0254e-19              6.77619e-25              8.30114e-11              2.77216e-35               7.6931e-32              2.41119e-46               8.2056e-21              2.03462e-46              9.97626e-07                 0.301684                0.0491562                 0.405924                        1
      1000      0.0796189       -1.12275               5.2566e-30              1.28731e-09              1.23774e-21              1.85577e-22              2.71495e-26               0.00952484                 0.227939                0.0290901              1.60522e-18              2.49851e-23               3.6281e-10              5.57202e-33              7.35558e-30              2.01751e-43               1.4937e-19              1.84956e-43              2.29681e-06                 0.317105                0.0282228                 0.388116                        1
      1050      0.0995016      -0.789334               3.2376e-28              4.66742e-09              1.14625e-20              2.80322e-21              8.38125e-25               0.00605111                 0.261116                0.0143876               1.9419e-17              6.47142e-22              1.35344e-09              6.73154e-31              4.50661e-28              8.87619e-41              2.02606e-18              8.76666e-41               4.8672e-06                 0.326364                0.0152818                 0.376794                        1
      1100       0.110357      -0.568089              1.37065e-26              1.50058e-08              8.19371e-20              3.32935e-20               1.8834e-23               0.00392632                 0.278515               0.00675886              1.88037e-16              1.23959e-20              4.43238e-09              5.23934e-29              1.88604e-26              2.24132e-38              2.14535e-17              2.36761e-38              9.63297e-06                 0.331961               0.00817257                 0.370657                        1
      1150       0.115612      -0.414046              4.18825e-25              4.35265e-08              4.80336e-19              3.20226e-19              3.21674e-22               0.00261383                 0.286811               0.00320396              1.49775e-15              1.82973e-19              1.30073e-08              2.78237e-27              5.67632e-25               3.4921e-36              1.83796e-16              3.92039e-36              1.79658e-05                 0.335366               0.00445751                  0.36753                        1
      1200       0.118069      -0.293738              9.62089e-24              1.15487e-07              2.40259e-18              2.55708e-18              4.32583e-21               0.00178711                 0.290711               0.00157716              1.00415e-14              2.15237e-18              3.47479e-08              1.05755e-25              1.28153e-23              3.56604e-34              1.31078e-15              4.23091e-34              3.17965e-05                 0.337453               0.00251578                 0.365924                        1
      1250       0.119229      -0.189453              1.71923e-22              2.83443e-07              1.05222e-17              1.73203e-17              4.71661e-20               0.00125413                  0.29259              0.000813631              5.78055e-14              2.07479e-17              8.55648e-08               2.9949e-24              2.24789e-22              2.51089e-32              7.96437e-15              3.13271e-32              5.37302e-05                  0.33875               0.00147517                 0.365063                        1
      1300       0.119799     -0.0927159              2.46013e-21              6.49494e-07              4.10931e-17              1.01378e-16              4.27338e-19              0.000902029                  0.29353              0.000440145              2.90684e-13              1.67767e-16              1.96195e-07              6.53775e-23              3.15514e-21              1.27247e-30              4.20275e-14              1.66213e-30              8.71506e-05                 0.339569              0.000898083                 0.364572                        1
      1350         0.1201    0.000501369              2.88938e-20              1.40035e-06              1.45125e-16              5.21022e-16              3.28498e-18              0.000663773                  0.29402              0.000249017                1.296e-12              1.16063e-15               4.2242e-07              1.13245e-21              3.63335e-20              4.81432e-29              1.95731e-13               6.5576e-29               0.00013631                 0.340092              0.000566311                 0.364271                        1
      1400       0.120286      0.0921768              2.84481e-19              2.85963e-06              4.68761e-16              2.38387e-15              2.18084e-17              0.000498809                 0.294284               0.00014681              5.18898e-12              6.98659e-15              8.60019e-07              1.59566e-20               3.5068e-19              1.40313e-27              8.15551e-13              1.98585e-27              0.000206393                 0.340425              0.000368811                 0.364066                        1
      1450       0.120431       0.183334              2.39124e-18              5.56215e-06              1.39801e-15              9.82678e-15              1.26961e-16              0.000382106                 0.294432              8.98582e-05              1.88656e-11              3.71285e-14              1.66558e-06              1.86847e-19              2.88936e-18              3.23654e-26              3.07588e-12              4.74415e-26              0.000303562                 0.340627              0.000247349                  0.36391                        1
      1500       0.120575       0.274544              1.74333e-17              1.03549e-05              3.88081e-15              3.68759e-14              6.56765e-16               0.00029788                 0.294517              5.69009e-05              6.28858e-11              1.76385e-13              3.08413e-06              1.85231e-18              2.06478e-17              6.04856e-25              1.06067e-11              9.15547e-25              0.000434961                 0.340736              0.000170374                 0.363773                        1
      1550       0.120744       0.366155              1.11764e-16              1.85292e-05              1.00976e-14              1.27117e-13              3.05367e-15              0.000235958                 0.294567              3.71587e-05              1.93809e-10              7.57278e-13              5.48433e-06              1.57993e-17              1.29757e-16              9.34705e-24              3.37343e-11              1.45709e-23              0.000608707                  0.34077              0.000120231                 0.363636                        1
      1600       0.120954       0.458412              6.37704e-16              3.19866e-05              2.47764e-14              4.05731e-13              1.28903e-14              0.000189651                 0.294596              2.49544e-05              5.56327e-10              2.96635e-12              9.40159e-06              1.17598e-16              7.25795e-16              1.21591e-22              9.97108e-11              1.94729e-22              0.000833836                  0.34074              8.67361e-05                 0.363488                        1
      1650        0.12122       0.551513              3.27291e-15              5.34427e-05               5.7635e-14              1.20743e-12              4.98376e-14              0.000154471                 0.294612              1.71901e-05              1.49702e-09              1.06902e-11              1.55891e-05              7.73375e-16              3.65198e-15              1.35252e-21              2.75732e-10              2.22031e-21               0.00112023                 0.340647              6.38399e-05                 0.363317                        1
      1700       0.121556       0.645641              1.52512e-14              8.66666e-05              1.27703e-13              3.37094e-12              1.77858e-13              0.000127351                 0.294619              1.21193e-05              3.79788e-09              3.57064e-11              2.50757e-05               4.5433e-15              1.66854e-14              1.30442e-20              7.17554e-10               2.1904e-20               0.00147853                 0.340489              4.78551e-05                 0.363114                        1
      1750       0.121975       0.740982              6.50614e-14              0.000136758              2.70634e-13              8.87698e-12              5.89921e-13              0.000106161                 0.294619              8.72719e-06              9.12994e-09              1.11257e-10              3.92309e-05              2.40745e-14              6.97955e-14              1.10418e-19              1.76642e-09              1.89303e-19               0.00191996                 0.340262              3.64772e-05                 0.362871                        1
      1800       0.122491        0.83774              2.55969e-13              0.000210455              5.50595e-13              2.21567e-11              1.82964e-12              8.93948e-05                 0.294613              6.40754e-06              2.08909e-08              3.25263e-10              5.98322e-05              1.16063e-13              2.69274e-13              8.29358e-19               4.1324e-09              1.44913e-18               0.00245627                 0.339957              2.82327e-05                  0.36258                        1
      1850       0.123121       0.936144              9.34864e-13              0.000316472              1.07888e-12              5.26439e-11              5.33513e-12              7.59722e-05                   0.2946              4.78888e-06               4.5682e-08              8.96828e-10              8.91362e-05               5.1301e-13              9.64453e-13              5.58145e-18              9.22466e-09               9.9232e-18               0.00309945                  0.33956              2.21596e-05                 0.362231                        1
      1900       0.123879        1.03645              3.18828e-12              0.000465856              2.04215e-12              1.19527e-10              1.46974e-11              6.51076e-05                  0.29458              3.63813e-06              9.58054e-08              2.34285e-09              0.000129948              2.09333e-12              3.22573e-12               3.3949e-17              1.97207e-08               6.1322e-17               0.00386166                 0.339059              1.76175e-05                 0.361817                        1
      1950       0.124784        1.13896               1.0207e-11              0.000672352               3.7438e-12              2.60237e-10              3.84185e-11              5.62223e-05                 0.294551              2.80584e-06              1.93324e-07              5.82277e-09              0.000185682              7.93437e-12              1.01277e-11              1.88092e-16              4.05068e-08              3.44694e-16               0.00475493                 0.338435              1.41722e-05                 0.361328                        1
      2000       0.125854        1.24401              3.08206e-11              0.000952766              6.66317e-12               5.4501e-10              9.56615e-11              4.88841e-05                 0.294511              2.19423e-06               3.7643e-07              1.38188e-08              0.000260424              2.80909e-11              2.99901e-11              9.55919e-16              8.01743e-08              1.77499e-15               0.00579097                 0.337667              1.15243e-05                 0.360755                        1
      2050       0.127107        1.35198              8.81532e-11               0.00132732              1.15377e-11              1.10102e-09              2.27697e-10               4.2767e-05                 0.294456              1.73809e-06              7.09118e-07              3.14203e-08              0.000358962              9.33628e-11              8.41144e-11              4.48468e-15              1.53312e-07              8.42736e-15               0.00698095                 0.336734              9.46424e-06                 0.360088                        1
      2100       0.128564         1.4633              2.39759e-10               0.00181995              1.94747e-11              2.15103e-09               5.1973e-10              3.76221e-05                 0.294383              1.39322e-06              1.29542e-06              6.86523e-08              0.000486816              2.92623e-10              2.24312e-10              1.95338e-14              2.83904e-07              3.71059e-14                0.0083352                 0.335608              7.84312e-06                 0.359319                        1
      2150       0.130245        1.57845              6.22267e-10               0.00245861              3.20989e-11              4.07339e-09              1.14089e-09              3.32578e-05                 0.294289              1.12911e-06              2.29979e-06              1.44538e-07              0.000650228              8.68474e-10              5.70724e-10              7.94042e-14              5.10195e-07              1.52314e-13               0.00986298                  0.33426              6.55367e-06                 0.358436                        1
      2200        0.13217        1.69795              1.54608e-09               0.00327541               5.1745e-11              7.49264e-09              2.41478e-09              2.95249e-05                 0.294168              9.24441e-07              3.97548e-06              2.93939e-07               0.00085613              2.44987e-09              1.38982e-09              3.02657e-13              8.91441e-07              5.85679e-13                0.0115721                 0.332657              5.51763e-06                  0.35743                        1
      2250       0.134362        1.82239              3.68811e-09               0.00430677              8.17019e-11              1.34125e-08              4.93974e-09              2.63064e-05                 0.294016              7.64049e-07              6.70323e-06              5.78691e-07               0.00111206              6.59095e-09              3.24849e-09              1.08636e-12              1.51699e-06              2.11885e-12                0.0134689                 0.330766              4.67726e-06                  0.35629                        1
      2300       0.136841        1.95239              8.46929e-09               0.00559337              1.26518e-10              2.34066e-08              9.78701e-09              2.35099e-05                 0.293826              6.37039e-07              1.10425e-05              1.10517e-06               0.00142607              1.69638e-08              7.30673e-09              3.68657e-12              2.51809e-06              7.24087e-12                0.0155573                 0.328547              3.98947e-06                 0.355007                        1
      2350       0.139627         2.0886               1.8768e-08                  0.00718              1.92376e-10              3.98849e-08              1.88173e-08              2.10618e-05                 0.293591              5.35475e-07              1.77983e-05              2.05117e-06                0.0018065              4.18892e-08              1.58528e-08                1.187e-11              4.08282e-06              2.34593e-11                0.0178394                 0.325963              3.42175e-06                 0.353572                        1
      2400       0.142741        2.23175              4.02241e-08               0.00911527              2.87543e-10              6.64589e-08              3.51719e-08               1.8903e-05                 0.293303              4.53507e-07              2.81062e-05              3.70588e-06               0.00226182              9.94993e-08              3.32476e-08              3.63821e-11              6.47419e-06              7.22975e-11                0.0203143                  0.32297              2.94934e-06                 0.351974                        1
      2450         0.1462        2.38256              8.35484e-08                 0.011451              4.22904e-10              1.08431e-07              6.40121e-08              1.69862e-05                 0.292956              3.86778e-07              4.35386e-05              6.52766e-06               0.00280029              2.27886e-07              6.75368e-08              1.06475e-10              1.00515e-05              2.12593e-10                0.0229783                 0.319528              2.55322e-06                 0.350205                        1
      2500       0.150023        2.54181              1.68498e-07                0.0142418              6.12588e-10              1.73437e-07              1.13604e-07               1.5273e-05                 0.292541              3.32009e-07              6.62348e-05              1.12254e-05               0.00342965              5.04374e-07              1.33113e-07              2.98356e-10              1.52944e-05              5.98159e-10                0.0258244                 0.315594              2.21866e-06                 0.348257                        1
      2550       0.154225        2.71028              3.30526e-07                0.0175435              8.74677e-10              2.72277e-07              1.96868e-07              1.37325e-05                 0.292048              2.86708e-07              9.90585e-05              1.88701e-05                0.0041567              1.08095e-06              2.54984e-07               8.0253e-10              2.28283e-05              1.61457e-09                0.0288423                 0.311128              1.93415e-06                 0.346123                        1
      2600       0.158819        2.88876              6.31642e-07                0.0214127              1.23202e-09              4.19968e-07              3.33528e-07              1.23396e-05                 0.291469              2.48963e-07              0.000145784              3.10439e-05               0.00498685              2.24747e-06              4.75405e-07              2.07708e-09              3.34504e-05              4.19093e-09                0.0320178                 0.306089              1.69061e-06                 0.343796                        1
      2650       0.163818        3.07806              1.17769e-06                 0.025905               1.7131e-09              6.37051e-07              5.53034e-07              1.10741e-05                 0.290793              2.17295e-07              0.000211313              5.00339e-05               0.00592364              4.54115e-06              8.63913e-07              5.18394e-09              4.81533e-05              1.04844e-08                0.0353327                 0.300444              1.48089e-06                 0.341271                        1
      2700       0.169231        3.27901              2.14529e-06                0.0310729              2.35306e-09              9.51207e-07              8.98414e-07              9.91941e-06                 0.290012              1.90551e-07              0.000301923               7.9078e-05               0.00696821              8.93144e-06              1.53206e-06              1.25014e-08              6.81426e-05              2.53307e-08                 0.038765                 0.294161              1.29925e-06                 0.338545                        1
      2750        0.17507        3.49245              3.82281e-06                0.0369649              3.19469e-09               1.3992e-06              1.43124e-06              8.86254e-06                 0.289116              1.67825e-07              0.000425555              0.000122668               0.00811881               1.7124e-05              2.65447e-06              2.91851e-08              9.48464e-05              5.92174e-08                0.0422888                 0.287217              1.14112e-06                 0.335615                        1
      2800       0.181346        3.71924               6.6717e-06                0.0436223              4.28958e-09              2.02917e-06              2.23782e-06              7.89293e-06                 0.288096              1.48399e-07              0.000592119              0.000186913               0.00937026              3.20495e-05              4.49817e-06              6.60735e-08              0.000129911              1.34189e-07                0.0458738                 0.279594               1.0028e-06                 0.332478                        1
      2850       0.188075        3.96032              1.14163e-05                0.0510775              5.69919e-09              2.90341e-06               3.4368e-06              7.00223e-06                 0.286941              1.31699e-07              0.000813845              0.000279961                0.0107136              5.86303e-05              7.46221e-06              1.45297e-07              0.000175177              2.95235e-07                0.0494863                 0.271286               8.8129e-07                 0.329134                        1
      2900       0.195282        4.21675              1.91731e-05                0.0593516              7.49605e-09              4.10141e-06              5.18809e-06              6.18382e-06                 0.285642              1.17267e-07               0.00110566              0.000412472                0.0121356              0.000104961              1.21298e-05              3.10815e-07              0.000232635              6.31632e-07                0.0530886                 0.262295              7.74144e-07                 0.325583                        1
      2950       0.203009         4.4898              3.16337e-05                0.0684514              9.76477e-09              5.72354e-06              7.70309e-06              5.43248e-06                 0.284189              1.04731e-07               0.00148556              0.000598126                0.0136187              0.000184089              1.93353e-05              6.47703e-07              0.000304352              1.31591e-06                0.0566397                 0.252634              6.79363e-07                 0.321822                        1
      3000       0.211323        4.78103              5.13199e-05                0.0783673              1.26031e-08              7.89493e-06              1.12559e-05              4.74404e-06                  0.28257              9.37863e-08               0.00197504              0.000854141                0.0151408              0.000316643              3.02464e-05              1.31657e-06              0.000392365               2.6732e-06                0.0600955                 0.242328              5.95296e-07                  0.31785                        1
      3050       0.220335        5.09253              8.19335e-05                  0.08907              1.61225e-08                1.077e-05               1.6195e-05               4.1151e-06                 0.280772              8.41851e-08                0.0025995               0.00120177                0.0166752              0.000534657              4.64638e-05              2.61361e-06              0.000498544              5.30178e-06                0.0634088                 0.231412              5.20572e-07                 0.313659                        1
      3100       0.230216        5.42711              0.000128829                 0.100508              2.04488e-08              1.45369e-05              2.29547e-05              3.54282e-06                 0.278777              7.57209e-08                0.0033886               0.00166668                0.0181911              0.000887036              7.01348e-05              5.07297e-06              0.000624421              1.02778e-05                0.0665296                 0.219932              4.54041e-07                 0.309239                        1
      3150       0.241236        5.78867              0.000199645                 0.112606              2.57216e-08              1.94225e-05              3.20649e-05              3.02465e-06                 0.276562               6.8221e-08                0.0043766               0.00227925                0.0196536               0.00144722              0.000104079              9.63767e-06              0.000770978               1.9496e-05                0.0694046                 0.207942              3.94733e-07                  0.30457                        1
      3200       0.253802        6.18259              0.000305136                 0.125257              3.20933e-08               2.5697e-05              4.41573e-05              2.55819e-06                 0.274094              6.15389e-08               0.00560257               0.00307449                0.0210241               0.00232384              0.000151914              1.79394e-05              0.000938402              3.62242e-05                0.0719772                 0.195504              3.41818e-07                  0.29962                        1
      3250       0.268523        6.61636              0.000460251                 0.138326              3.97257e-08              3.36773e-05               5.9966e-05              2.14107e-06                 0.271326              5.55489e-08               0.00711038               0.00409167                0.0222611               0.00367518              0.000218176              3.27475e-05               0.00112581              6.59894e-05                0.0741863                 0.182684              2.94579e-07                 0.294341                        1
      3300       0.286305        7.10025              0.000685528                 0.151635              4.87844e-08              4.37295e-05              8.03181e-05              1.77082e-06                 0.268194              5.01404e-08               0.00894831               0.00537328                  0.02332               0.00572871              0.000308394               5.8677e-05               0.00133092              0.000117968                0.0759647                  0.16955               2.5239e-07                  0.28866                        1
      3350       0.308477        7.64817               0.00100886                 0.164965              5.94281e-08              5.62676e-05              0.000106109              1.44482e-06                 0.264603              4.52149e-08                0.0111682               0.00696314                0.0241537               0.00880702              0.000429104              0.000103285                0.0015497              0.000207128                0.0772371                 0.156167              2.14698e-07                 0.282474                        1
      3400       0.336991        8.27855               0.00146771                  0.17804              7.17917e-08              7.17462e-05              0.000138254              1.16035e-06                 0.260426              4.06822e-08                0.0138233               0.00890319                0.0247125                0.0133618              0.000587726              0.000178744               0.00177596              0.000357473                0.0779171                 0.142597              1.81012e-07                 0.275641                        1
      3450       0.374715        9.01528                0.0021119                 0.190517              8.59575e-08              9.06438e-05              0.000177607              9.14574e-07                 0.255482              3.64583e-08                0.0169653                0.0112284                0.0249441                 0.020018              0.000792219              0.000304344               0.00200085              0.000606878                0.0779031                 0.128894                1.509e-07                 0.267963                        1
      3500       0.425907        9.88817               0.00300702                 0.201962              1.01911e-07              0.000113429              0.000224818              7.04602e-07                 0.249527              3.24638e-08                0.0206379                0.0139589                0.0247935                0.0296301               0.00105038              0.000510203               0.00221237                0.0010142                0.0770744                 0.115105              1.23984e-07                 0.259178                        1
