   "Tw[K]"          "B'c"    "hw[MJ/kg]"                      "C"                      "H"                      "O"                      "N"                     "CH"                    "CH4"                     "CO"                    "CO2"                     "CN"                    "C2H"         "C2H2,acetylene"                     "C3"                    "C3H"                     "C4"         "C4H2,butadiyne"                     "C5"                    "HCN"                     "H2"                    "H2O"                     "N2"                  "C(gr)"
       300              0       -7.71376             1.52208e-116              1.24429e-37              4.01058e-76              5.41095e-80             2.04768e-100                 0.438636              6.99737e-12               0.00335167              8.51757e-72              1.04623e-93              1.88501e-41             1.88012e-134             1.22909e-118             6.46765e-172              4.31884e-78              1.5219e-173              1.40946e-24              8.66661e-05                 0.445226                   0.1127                        1
       350              0       -7.57354              1.03726e-98              9.79297e-32              7.56402e-65              3.11983e-68              4.39465e-85                 0.442456              1.48691e-09               0.00765004              7.00052e-61              3.78968e-79              7.75326e-35             1.49905e-113             2.48743e-100             1.53128e-145              5.94617e-66             7.44496e-147              8.46795e-21              0.000753742                 0.436478                 0.112662                        1
       400              0       -7.41579              2.51717e-85              2.66706e-27                2.141e-56              2.09067e-59              1.42268e-73                  0.44599              8.13785e-08                0.0134759              1.08423e-52              3.25604e-68              7.28978e-30              7.30075e-98               1.3931e-86             9.68671e-126              7.97895e-57             8.18523e-127              5.85098e-18               0.00394731                 0.424105                 0.112482                        1
       450              0       -7.24811              6.57743e-75              7.66544e-24              7.95481e-50              1.54405e-52              1.29421e-64                 0.444988              1.80279e-06                0.0201224              2.54921e-46              1.06082e-59              5.46863e-26              1.17661e-85              7.04645e-76             2.51076e-110              1.03748e-49             3.27869e-111              9.50458e-16                0.0146052                 0.408401                 0.111881                        1
       500              0       -7.07411              1.43274e-66              4.53004e-21              1.42837e-44               4.8399e-47              1.91041e-57                 0.432367              2.12591e-05                0.0270297              3.17946e-41              6.90692e-53              6.89515e-23              6.90204e-76              2.60471e-67              5.47748e-98              5.16413e-44              1.01661e-98              5.55152e-14                0.0418232                 0.388412                 0.110347                        1
       550              0       -6.88868              9.57677e-60              8.38986e-19              2.84343e-40              1.51608e-42              1.39297e-51                 0.399312               0.00015905                0.0339591              4.65798e-37              2.58208e-47              2.33245e-20              6.78882e-68              2.65686e-60              6.89699e-88               2.3452e-39              1.71003e-88              1.52007e-12                0.0975911                 0.361782                 0.107196                        1
       600              0       -6.67218              4.68549e-54              6.42691e-17               1.0921e-36               8.3924e-39              1.05046e-46                 0.339731              0.000849289                0.0409805              1.36094e-33              1.11687e-42              2.87076e-18              3.10323e-61               1.8085e-54              1.81163e-79              1.72237e-35              5.72386e-80              2.31793e-11                 0.190666                 0.325861                 0.101912                        1
       650              0       -6.37886              3.06419e-49              2.46141e-15              1.18676e-33              1.22019e-35              1.36343e-42                 0.257734                0.0035097                0.0483017               1.1461e-30              9.06013e-39              1.57942e-16              1.33616e-55              1.51106e-49              2.41848e-72              3.02641e-32              9.38566e-73              2.21553e-10                 0.316168                 0.279597                  0.09469                        1
       700              0       -5.92271              4.11928e-45              5.40247e-14              4.76109e-31              6.21199e-33              4.38753e-39                 0.170973                0.0118065                 0.055438              3.63583e-28              1.94889e-35              4.50939e-15              8.98055e-51              2.39852e-45              3.10165e-66              1.68709e-29               1.4359e-66              1.45233e-09                 0.450268                 0.224849                0.0866656                        1
       750              0       -5.19023              1.56109e-41              7.55859e-13              8.39252e-29              1.37232e-30              4.60436e-36                 0.100203                0.0328544                0.0592698              5.30678e-26              1.44238e-32              7.54798e-14              1.36507e-46              1.00289e-41              6.09807e-61              3.71697e-27              3.28915e-61              7.04368e-09                 0.562497                  0.16602                0.0791551                        1
       800              0       -4.12685              2.11375e-38              7.35711e-12              7.19609e-27              1.54343e-28              1.95024e-33                0.0538883                0.0743715                0.0538866              4.13602e-24              4.50001e-30              8.24138e-13               6.1982e-43              1.42253e-38              2.61035e-56              3.87561e-25                1.609e-56               2.6927e-08                 0.635863                 0.109309                0.0726812                        1
       850              0       -2.88337              1.22586e-35              5.35119e-11              3.18678e-25               9.9761e-27              3.94302e-31                0.0278793                 0.132817                0.0374953              1.92705e-22              6.94535e-28              6.42839e-12              1.04021e-39               8.3453e-36               3.1821e-52              2.21569e-23              2.20584e-52              8.54742e-08                 0.672256                0.0622153                0.0673368                        1
       900              0       -1.81896              3.50638e-33              3.08417e-10              7.77744e-24              4.08599e-25              4.34884e-29                0.0145659                 0.186086                0.0190788              5.88021e-21              6.02432e-26              3.86773e-11              7.61531e-37              2.36963e-33              1.36142e-48              7.83531e-22              1.04718e-48              2.36103e-07                 0.686101                0.0306132                0.0635547                        1
       950              0       -1.14175              5.52974e-31              1.47394e-09              1.17391e-22              1.14467e-23               2.9047e-27               0.00795497                 0.217128               0.00778493              1.26199e-19              3.24486e-24              1.90353e-10              2.77216e-34              3.68393e-31              2.41119e-45              1.88162e-20              2.03462e-45              5.87949e-07                 0.691788                0.0138584                0.0614847                        1
      1000              0      -0.749426               5.2566e-29              6.02697e-09                1.252e-21              2.31777e-22              1.27109e-25               0.00457637                 0.230566               0.00297644              2.00485e-18              1.16976e-22              7.95264e-10              5.57202e-32              3.44376e-29              2.01751e-42              3.27414e-19              1.84956e-42              1.34303e-06                 0.695081                0.0062576                0.0605415                        1
      1050              0      -0.491201               3.2376e-27              2.15721e-08              1.03522e-20              3.54111e-21              3.87369e-24               0.00276122                 0.235822               0.00117351              2.45306e-17                2.991e-21              2.89116e-09              6.73154e-30              2.08289e-27              8.87619e-40              4.32799e-18              8.76666e-40               2.8417e-06                 0.697165                0.0029482                0.0601271                        1
      1100              0      -0.287548              1.37065e-25              6.88314e-08              6.99886e-20              4.23366e-20              8.63911e-23               0.00173817                   0.2379              0.000493135              2.39111e-16              5.68599e-20              9.32589e-09              5.23934e-28              8.65124e-26              2.24132e-37               4.5139e-17              2.36761e-37               5.6188e-06                 0.698459               0.00146879                0.0599356                        1
      1150              0      -0.105847              4.18825e-24              1.98752e-07              3.99866e-19              4.08605e-19              1.46884e-21               0.00113635                 0.238762              0.000222038              1.91111e-15              8.35497e-19              2.71209e-08              2.78237e-26              2.59195e-24               3.4921e-35              3.83226e-16              3.92039e-35              1.04677e-05                 0.699256              0.000773712                0.0598396                        1
      1200              0      0.0668886              9.62089e-23              5.25895e-07              1.97637e-18              3.26851e-18              1.96986e-20              0.000768447                 0.239139              0.000106722              1.28352e-14              9.80126e-18              7.20542e-08              1.05755e-24               5.8357e-23              3.56604e-33              2.71808e-15              4.23091e-33              1.85076e-05                 0.699752              0.000429134                0.0597861                        1
      1250              0       0.236062              1.71923e-21              1.28853e-06              8.60622e-18              2.21589e-17              2.14417e-19              0.000535622                 0.239312              5.44297e-05              7.39539e-14                9.432e-17              1.76829e-07               2.9949e-23              1.02189e-21              2.51089e-31              1.64593e-14              3.13271e-31              3.12493e-05                 0.700064              0.000249348                 0.059752                        1
      1300              0       0.404078              2.46013e-20              2.94945e-06              3.35142e-17              1.29758e-16              1.94061e-18              0.000383606                 0.239394              2.92763e-05              3.72058e-13              7.61855e-16              4.04596e-07              6.53775e-22               1.4328e-20              1.27247e-29              8.66693e-14              1.66213e-29              5.06554e-05                 0.700262              0.000151046                0.0597258                        1
      1350              0       0.572095              2.88938e-19              6.35487e-06              1.18182e-16              6.67014e-16              1.49074e-17              0.000281514                 0.239434              1.65139e-05              1.65914e-12              5.26702e-15               8.6993e-07              1.13245e-20              1.64883e-19              4.81432e-28              4.03088e-13               6.5576e-28              7.91911e-05                 0.700385              9.49741e-05                0.0597012                        1
      1400              0       0.740727              2.84481e-18              1.29715e-05              3.81422e-16              3.05201e-15              9.89242e-17               0.00021118                 0.239454              9.71994e-06              6.64331e-12              3.16916e-14              1.76957e-06              1.59566e-19              1.59071e-18              1.40313e-26              1.67807e-12              1.98585e-26              0.000119861                 0.700455              6.17472e-05                0.0596741                        1
      1450              0       0.910358              2.39124e-17              2.52233e-05                1.137e-15              1.25802e-14              5.75745e-16              0.000161592                 0.239463              5.94377e-06              2.41517e-11               1.6837e-13              3.42518e-06              1.86847e-18              1.31027e-17              3.23654e-25               6.3254e-12              4.74415e-25              0.000176231                 0.700482              4.13694e-05                0.0596411                        1
      1500              0        1.08128              1.74333e-16              4.69498e-05              3.15539e-15              4.72007e-14               2.9778e-15              0.000125889                 0.239465              3.76168e-06              8.04931e-11              7.99737e-13              6.34023e-06              1.85231e-17              9.36183e-17              6.04856e-24              2.18049e-11              9.15547e-24              0.000252431                 0.700472              2.84777e-05                0.0595993                        1
      1550              0        1.25377              1.11764e-15              8.40048e-05               8.2087e-15              1.62666e-13              1.38443e-14              9.96849e-05                 0.239463              2.45567e-06              2.48008e-10              3.43324e-12              1.12725e-05              1.57993e-16              5.88273e-16              9.34705e-23              6.93376e-11              1.45709e-22              0.000353141                 0.700421              2.00895e-05                0.0595457                        1
      1600              0        1.42815              6.37704e-15              0.000145013               2.0139e-14                 5.19e-13              5.84388e-14              8.01135e-05                 0.239457              1.64872e-06               7.1164e-10              1.34481e-11              1.93231e-05              1.17598e-15              3.29042e-15              1.21591e-21              2.04936e-10              1.94729e-21              0.000483558                 0.700322              1.44902e-05                0.0594771                        1
      1650              0        1.60482              3.27291e-14               0.00024229              4.68428e-14              1.54375e-12              2.25946e-13              6.52585e-05                 0.239445              1.13551e-06                1.914e-09              4.84658e-11              3.20417e-05              7.73375e-15              1.65568e-14              1.35252e-20              5.66739e-10              2.22031e-20              0.000649338                 0.700164              1.06646e-05                0.0593902                        1
      1700              0         1.7843              1.52512e-13               0.00039294               1.0378e-13              4.30713e-12              8.06396e-13              5.38149e-05                 0.239427              8.00394e-07              4.85264e-09               1.6189e-10               5.1547e-05               4.5433e-14              7.56503e-14              1.30442e-19              1.47504e-09               2.1904e-19              0.000856526                 0.699928               7.9945e-06                0.0592812                        1
      1750              0        1.96723              6.50614e-13              0.000620107              2.19911e-13              1.13332e-11              2.67491e-12              4.48771e-05                   0.2394              5.76236e-07              1.16562e-08              5.04476e-10              8.06599e-05              2.40745e-13              3.16477e-13              1.10418e-18              3.63182e-09              1.89303e-18               0.00111146                  0.69959              6.09416e-06                0.0591463                        1
      1800              0        2.15447              2.55969e-12              0.000954383              4.47333e-13              2.82593e-11              8.29714e-12              3.78065e-05                 0.239359               4.2295e-07              2.66447e-08              1.47502e-09              0.000123044              1.16063e-12              1.22112e-12              8.29358e-18              8.49824e-09              1.44913e-17               0.00142067                 0.699118              4.71713e-06                0.0589812                        1
      1850              0        2.34709              9.34864e-12               0.00143533              8.76368e-13              6.70618e-11               2.4197e-11              3.21453e-05                 0.239301              3.15979e-07              5.81932e-08              4.06748e-09              0.000183352               5.1301e-12              4.37418e-12              5.58145e-17               1.8975e-08               9.9232e-17               0.00179072                 0.698472              3.70259e-06                0.0587814                        1
      1900              0        2.54643              3.18828e-11               0.00211309              1.65836e-12               1.5204e-10              6.66663e-11              2.75609e-05                  0.23922              2.39919e-07              1.21865e-07               1.0627e-08              0.000267361              2.09333e-11              1.46316e-11               3.3949e-16              4.05744e-08               6.1322e-16               0.00222807                 0.697599              2.94353e-06                0.0585421                        1
      1950              0         2.7541               1.0207e-10                  0.00305               3.0391e-12              3.30443e-10              1.74278e-10               2.3808e-05                 0.239107              1.84896e-07              2.45478e-07              2.64139e-08                0.0003821              7.93437e-11              4.59425e-11              1.88092e-15              8.33556e-08              3.44694e-15                0.0027389                 0.696437              2.36742e-06                0.0582584                        1
      2000              0        2.97209              3.08206e-10               0.00432221              5.40624e-12              6.90608e-10              4.33967e-10              2.07036e-05                 0.238955              1.44448e-07              4.76992e-07              6.26887e-08              0.000535944              2.80909e-10               1.3605e-10              9.55919e-15              1.64996e-07              1.77499e-14               0.00332888                  0.69491              1.92428e-06                0.0579251                        1
      2050              0        3.20272              8.81532e-10                0.0060211              9.35504e-12              1.39176e-09               1.0329e-09              1.81097e-05                 0.238751              1.14267e-07              8.96369e-07              1.42532e-07              0.000738669              9.33628e-10              3.81567e-10              4.48468e-14              3.15485e-07              8.42736e-14               0.00400299                 0.692928              1.57911e-06                0.0575369                        1
      2100              0        3.44875              2.39759e-09                0.0082545              1.57767e-11              2.71132e-09              2.35727e-09              1.59208e-05                 0.238483              9.14339e-08              1.63285e-06              3.11376e-07               0.00100144              2.92623e-09              1.01738e-09              1.95338e-13              5.84027e-07              3.71059e-13                0.0047652                 0.690387              1.30706e-06                0.0570886                        1
      2150              0        3.71331              6.22267e-09                0.0111475              2.59741e-11              5.11755e-09              5.17287e-09              1.40556e-05                 0.238136              7.39333e-08              2.88931e-06              6.55346e-07               0.00133673              8.68474e-09              2.58771e-09              7.94042e-13              1.04885e-06              1.52314e-12               0.00561828                 0.687167              1.09022e-06                0.0565749                        1
      2200              0        4.00001              1.54608e-08                0.0148429              4.18108e-11              9.37773e-09              1.09429e-08              1.24509e-05                 0.237693              6.03559e-08              4.97568e-06              1.33202e-06               0.00175811              2.44987e-08              6.29812e-09              3.02657e-12              1.83062e-06              5.85679e-12               0.00656341                  0.68313              9.15544e-07                0.0559907                        1
      2250              0        4.31285              3.68811e-08                0.0195006              6.58956e-11              1.67146e-08              2.23666e-08              1.10572e-05                 0.237135              4.97014e-08              8.35349e-06              2.62025e-06               0.00227993              6.59095e-08              1.47088e-08              1.08636e-11              3.11009e-06              2.11885e-11               0.00759995                 0.678127              7.73405e-07                0.0553314                        1
      2300              0        4.65625              8.46929e-08                0.0252963              1.01808e-10               2.9026e-08              4.42623e-08               9.8353e-06                  0.23644              4.12503e-08              1.36936e-05               4.9982e-06               0.00291681              1.69638e-07              3.30451e-08              3.68657e-11              5.15039e-06              7.24087e-11               0.00872505                 0.671995               6.5662e-07                0.0545928                        1
      2350              0        5.03502               1.8768e-07                0.0324196              1.54368e-10              4.91864e-08              8.49651e-08              8.75438e-06                 0.235585              3.44786e-08              2.19491e-05              9.26158e-06               0.00368301              4.18892e-07              7.15793e-08                1.187e-10              8.32387e-06              2.34593e-10               0.00993342                 0.664558              5.59782e-07                0.0537714                        1
      2400              0        5.45428              4.02241e-07                0.0410695               2.2994e-10              8.14477e-08               1.5847e-07               7.7899e-06                 0.234546              2.90006e-08              3.44452e-05              1.66971e-05               0.00459154              9.94993e-07                1.498e-07              3.63821e-10              1.31428e-05              7.22975e-10                 0.011217                 0.655637              4.78781e-07                0.0528643                        1
      2450              0        5.91946              8.35484e-07                0.0514502              3.36785e-10              1.31962e-07               2.8761e-07              6.92248e-06                 0.233299              2.45291e-08              5.29873e-05              2.93291e-05               0.00565309              2.27886e-06              3.03446e-07              1.06475e-09              2.02915e-05              2.12593e-09                0.0125648                 0.645049              4.10471e-07                0.0518701                        1
      2500              0        6.43611              1.68498e-06                0.0637632              4.85433e-10              2.09447e-07              5.08629e-07              6.13689e-06                 0.231818              2.08483e-08              7.99867e-05              5.02584e-05               0.00687482              5.04374e-06              5.95973e-07              2.98356e-09               3.0658e-05              5.98159e-09                0.0139627                 0.632618              3.52423e-07                0.0507882                        1
      2550              0        7.00994              3.30526e-06                0.0781996              6.89081e-10              3.26005e-07              8.77531e-07              5.42128e-06                 0.230079              1.77944e-08              0.000118605              8.41129e-05               0.00825893              1.08095e-05              1.13658e-06               8.0253e-09              4.53575e-05              1.61457e-08                0.0153933                 0.618179              3.02752e-07                0.0496198                        1
      2600              0        7.64661              6.31642e-06                0.0949292              9.63987e-10              4.98129e-07              1.47863e-06              4.76663e-06                 0.228059              1.52421e-08              0.000172916              0.000137627               0.00980123              2.24747e-05              2.10761e-06              2.07708e-08               6.5744e-05              4.19093e-08                0.0168362                 0.601593              2.59988e-07                0.0483674                        1
      2650              0         8.3517              1.17769e-05                 0.114089              1.32986e-09              7.47885e-07              2.43563e-06              4.16623e-06                 0.225739              1.30946e-08              0.000248077              0.000220355                0.0114896              4.54115e-05              3.80478e-06              5.18394e-08              9.33994e-05              1.04844e-07                0.0182682                 0.582749              2.22978e-07                0.0470351                        1
      2700              0        9.13058              2.14529e-05                 0.135768              1.81017e-09              1.10429e-06              3.92546e-06              3.61528e-06                 0.223102              1.12768e-08              0.000350515              0.000345517                 0.013303              8.93144e-05              6.69406e-06              1.25014e-07              0.000130091              2.53307e-07                0.0196636                 0.561582              1.90814e-07                0.0456285                        1
      2750              0        9.98839              3.82281e-05                 0.159995              2.43249e-09              1.60489e-06              6.19482e-06              3.11049e-06                 0.220138              9.72974e-09              0.000488116              0.000530945                0.0152099               0.00017124              1.14894e-05              2.91851e-07              0.000177687              5.92174e-07                0.0209947                 0.538078              1.62776e-07                0.0441546                        1
      2800              0          10.93               6.6717e-05                 0.186724              3.22861e-09              2.29749e-06              9.57889e-06              2.64973e-06                 0.216839              8.40683e-09              0.000670413              0.000800075                0.0171685              0.000320495              1.92543e-05              6.60735e-07              0.000238028              1.34189e-06                0.0222325                 0.512283              1.38292e-07                0.0426216                        1
      2850              0        11.9598              0.000114163                 0.215813              4.23464e-09              3.24201e-06              1.45212e-05              2.23166e-06                 0.213204              7.27093e-09              0.000908758               0.00118289                0.0191263              0.000586303              3.15294e-05              1.45297e-06              0.000312733              2.95235e-06                0.0233474                  0.48431              1.16901e-07                 0.041038                        1
      2900              0         13.082              0.000191731                 0.247018              5.49086e-09               4.5125e-06              2.15925e-05              1.85541e-06                 0.209233              6.29207e-09               0.00121648               0.00171668                 0.021021               0.00104961              5.04837e-05              3.10815e-06              0.000402965              6.31632e-06                0.0243097                 0.454341              9.82249e-08                 0.039412                        1
      2950      0.0401617        14.3005              0.000316337                  0.27997               7.0413e-09              6.19896e-06               3.1506e-05              1.52025e-06                 0.204926              5.44572e-09               0.00160895               0.00244637                0.0227821               0.00184089              7.90825e-05              6.47703e-06              0.000509137              1.31591e-05                0.0250902                 0.422621              8.19504e-08                0.0377508                        1
      3000       0.125453        15.6181              0.000513199                 0.314166              8.93276e-09              8.40894e-06              4.51236e-05               1.2253e-06                 0.200279              4.71149e-09               0.00210363               0.00342416                 0.024333               0.00316643              0.000121254              1.31657e-05              0.000630576               2.6732e-05                0.0256601                  0.38945              6.78095e-08                0.0360585                        1
      3050       0.234954        17.0362              0.000819335                 0.348944              1.12129e-08              1.12682e-05              6.34462e-05              9.69343e-07                 0.195273              4.07203e-09               0.00271976               0.00470808                0.0255929               0.00534657              0.000182028              2.61361e-05               0.00076516              5.30178e-05                0.0259905                 0.355168               5.5567e-08                0.0343353                        1
      3100       0.382145        18.5528               0.00128829                 0.383465              1.39268e-08              1.49199e-05              8.75782e-05              7.50661e-07                 0.189863              3.51224e-09               0.00347788               0.00635882                0.0264793               0.00887036              0.000267582              5.07297e-05              0.000908919              0.000102778                0.0260515                 0.320137              4.50118e-08                 0.032575                        1
      3150       0.588635        20.1589               0.00199645                 0.416669              1.71098e-08              1.95197e-05              0.000118648              5.67018e-07                 0.183967              3.01864e-09               0.00439851               0.00843377                0.0269093                0.0144722              0.000385117              9.63767e-05               0.00105561               0.00019496                0.0258099                  0.28471               3.5951e-08                0.0307627                        1
      3200       0.889062        21.8334               0.00305136                 0.447215              2.07759e-08              2.52254e-05              0.000157657              4.15703e-07                 0.177437              2.57893e-09               0.00549976                 0.010977                0.0268005                0.0232384              0.000542389              0.000179394               0.00119623              0.000362242                0.0252269                 0.249219              2.82075e-08                0.0288724                        1
      3250         1.3395        23.5352               0.00460251                 0.473378              2.48964e-08              3.21737e-05              0.000205216              2.93667e-07                 0.170042              2.18175e-09               0.00679291                0.0140025                 0.026071                0.0367518              0.000746642              0.000327475               0.00131849              0.000659894                0.0242545                  0.21395              2.16211e-08                0.0268644                        1
      3300        2.03288        25.1966               0.00685528                 0.492902              2.93642e-08              4.04367e-05              0.000261081              1.97706e-07                  0.16143              1.81661e-09                0.0082745                0.0174663                0.0246406                0.0572871               0.00100246               0.00058677               0.00140629               0.00117968                0.0228336                 0.179151              1.60521e-08                0.0246824                        1
      3350        3.12972        26.7226                0.0100886                 0.502758              3.39345e-08              4.99401e-05              0.000323386              1.24649e-07                 0.151093              1.47428e-09               0.00991226                0.0212214                0.0224347                0.0880702               0.00130777               0.00103285               0.00143942               0.00207128                0.0208923                 0.145053              1.13871e-08                0.0222516                        1
      3400        4.92662        28.0032                0.0146771                 0.498814              3.81304e-08              6.03109e-05              0.000387347              7.14948e-08                 0.138319              1.14762e-09                0.0116201                 0.024944                 0.019398                 0.133618               0.00164663               0.00178744               0.00139404               0.00357473                0.0183506                 0.111931              7.54653e-09                0.0194777                        1
      3450        8.03112        28.9407                 0.021119                 0.475334              4.10958e-08              7.05885e-05              0.000443124               3.5439e-08                 0.122144              8.33344e-10                0.0132117                0.0280145                0.0155274                  0.20018               0.00197656               0.00304344               0.00124551               0.00606878                0.0151362                0.0802349              4.49092e-09                0.0162505                        1
      3500        13.9043        29.4802                0.0300702                 0.424285              4.13751e-08              7.86386e-05              0.000472302              1.37245e-08                 0.101307              5.35103e-10                 0.014308                0.0293251                0.0109424                 0.296301               0.00220665               0.00510203              0.000976413                 0.010142                0.0112256                0.0508007              2.22157e-09                0.0124572                        1
