   "Tw[K]"          "B'c"    "hw[MJ/kg]"                      "C"                      "H"                      "O"                      "N"                     "CH"                    "CH4"                     "CO"                    "CO2"                     "CN"                    "C2H"         "C2H2,acetylene"                     "C3"                    "C3H"                     "C4"         "C4H2,butadiyne"                     "C5"                    "HCN"                     "H2"                    "H2O"                     "N2"                  "C(gr)"
       300              0        -7.3625             1.52208e-116              1.27593e-37              3.44071e-76              5.36561e-80             2.09975e-100                 0.484986              6.00311e-12               0.00246685              8.44619e-72              1.07284e-93               1.9821e-41             1.88012e-134             1.26034e-118             6.46765e-172              4.54129e-78              1.5219e-173              1.43319e-24                9.113e-05                 0.401637                 0.110819                        1
       350              0       -7.23395              1.03726e-98              1.00342e-31                6.521e-65              3.09366e-68              4.50289e-85                 0.487686              1.28188e-09               0.00568574               6.9418e-61              3.88303e-79              8.13991e-35             1.49905e-113              2.5487e-100             1.53128e-145               6.2427e-66             7.44496e-147              8.60375e-21               0.00079133                 0.395057                  0.11078                        1
       400              0       -7.09044              2.51717e-85              2.73008e-27              1.85715e-56              2.07306e-59              1.45629e-73                 0.489661              7.05896e-08                0.0101396              1.07509e-52              3.33297e-68              7.63834e-30              7.30075e-98              1.42602e-86             9.68671e-126              8.36047e-57             8.18523e-127              5.93877e-18               0.00413606                 0.385469                 0.110595                        1
       450              0       -6.93663              6.57743e-75              7.83868e-24              6.94421e-50              1.53086e-52              1.32346e-64                   0.4866              1.57376e-06                0.0153343              2.52742e-46               1.0848e-59              5.71861e-26              1.17661e-85               7.2057e-76             2.51076e-110               1.0849e-49             3.27869e-111              9.63634e-16                0.0152728                 0.372814                 0.109978                        1
       500              0       -6.77417              1.43274e-66              4.62819e-21              1.25426e-44              4.79711e-47               1.9518e-57                 0.471073              1.86678e-05                 0.020842              3.15134e-41              7.05657e-53              7.19716e-23              6.90204e-76              2.66114e-67              5.47748e-98              5.39032e-44              1.01661e-98              5.62165e-14                0.0436551                 0.356008                 0.108404                        1
       550              0       -6.59705              9.57677e-60              8.56489e-19              2.50999e-40              1.50176e-42              1.42203e-51                 0.433691              0.000140398                0.0264616              4.61398e-37              2.63595e-47              2.43078e-20              6.78882e-68              2.71228e-60              6.89699e-88              2.44407e-39              1.71003e-88              1.53712e-12                 0.101705                 0.332821                  0.10518                        1
       600              0       -6.38549              4.68549e-54              6.55636e-17              9.68825e-37              8.30443e-39              1.07162e-46                 0.367943              0.000753424                0.0322511              1.34668e-33              1.13936e-42              2.98757e-18              3.10323e-61              1.84493e-54              1.81163e-79              1.79246e-35              5.72386e-80              2.33984e-11                 0.198424                 0.300842                0.0997871                        1
       650              0       -6.09422              3.06419e-49              2.50909e-15              1.05863e-33              1.20564e-35              1.38984e-42                 0.278291               0.00313075                0.0384344              1.13244e-30              9.23563e-39               1.6412e-16              1.33616e-55              1.54033e-49              2.41848e-72              3.14478e-32              9.38566e-73              2.23152e-10                 0.328535                 0.259164                0.0924457                        1
       700              0       -5.63749              4.11928e-45              5.50176e-14              4.27635e-31              6.12882e-33              4.46817e-39                 0.183892                0.0106045                 0.044724              3.58715e-28              1.98471e-35              4.67666e-15              8.98055e-51               2.4426e-45              3.10165e-66              1.74967e-29               1.4359e-66              1.45922e-09                  0.46697                 0.209448                0.0843605                        1
       750              0       -4.90099              1.56109e-41              7.68906e-13              7.59345e-29              1.35282e-30              4.68383e-36                 0.107303                0.0297263                0.0485206               5.2314e-26              1.46727e-32              7.81081e-14              1.36507e-46               1.0202e-41              6.09807e-61               3.8464e-27              3.28915e-61              7.06348e-09                 0.582084                 0.155444                0.0769223                        1
       800              0       -3.83333              2.11375e-38              7.47856e-12              6.54036e-27              1.52194e-28              1.98244e-33                0.0575356                0.0675946                0.0445134              4.07842e-24               4.5743e-30              8.51572e-13               6.1982e-43              1.44601e-38              2.61035e-56              4.00462e-25                1.609e-56              2.69903e-08                  0.65703                 0.102655                 0.070671                        1
       850              0       -2.59701              1.22586e-35              5.43962e-11              2.89406e-25              9.85019e-27              4.00819e-31                0.0297684                 0.120617                0.0309235              1.90273e-22              7.06012e-28              6.64262e-12              1.04021e-39              8.48321e-36               3.1821e-52              2.28953e-23              2.20584e-52              8.57901e-08                 0.694659                0.0583835                0.0656478                        1
       900              0       -1.55206              3.50638e-33              3.13686e-10              7.03249e-24              4.04129e-25              4.42314e-29                0.0155871                 0.168262                 0.015599              5.81588e-21              6.12724e-26              4.00102e-11              7.61531e-37              2.41012e-33              1.36142e-48              8.10533e-22              1.04718e-48               2.3751e-07                 0.709745                0.0286349                0.0621717                        1
       950              0      -0.887791              5.52974e-31              1.49983e-09              1.05768e-22              1.13351e-23              2.95571e-27               0.00852869                  0.19563               0.00631967              1.24969e-19              3.30185e-24              1.97097e-10              2.77216e-34              3.74863e-31              2.41119e-45              1.94829e-20              2.03462e-45              5.92442e-07                   0.7163                0.0129287                0.0602917                        1
      1000              0      -0.495286               5.2566e-29               6.1341e-09              1.12622e-21              2.29646e-22              1.29369e-25               0.00491056                 0.207403               0.00240845              1.98641e-18              1.19055e-22              8.23789e-10              5.57202e-32              3.50498e-29              2.01751e-42              3.39158e-19              1.84956e-42              1.35434e-06                 0.720013               0.00583086                0.0594333                        1
      1050              0      -0.229662               3.2376e-27              2.19572e-08              9.30687e-21               3.5093e-21              3.94284e-24               0.00296372                  0.21201               0.00094849              2.43103e-17              3.04439e-21               2.9953e-09              6.73154e-30              2.12007e-27              8.87619e-40              4.48388e-18              8.76666e-40              2.86645e-06                 0.722277               0.00274599                0.0590517                        1
      1100              0     -0.0158951              1.37065e-25              7.00618e-08              6.29095e-20              4.19596e-20              8.79353e-23               0.00186582                 0.213837              0.000398423              2.36981e-16              5.78763e-20              9.66227e-09              5.23934e-28              8.80588e-26              2.24132e-37              4.67672e-17              2.36761e-37               5.6683e-06                 0.723652               0.00136784                0.0588728                        1
      1150              0       0.176836              4.18825e-24              2.02307e-07              3.59397e-19              4.04977e-19              1.49511e-21               0.00121985                 0.214597              0.000179368              1.89414e-15              8.50439e-19              2.80996e-08              2.78237e-26               2.6383e-24               3.4921e-35              3.97055e-16              3.92039e-35              1.05603e-05                 0.724491              0.000720503                0.0587816                        1
      1200              0       0.360917              9.62089e-23              5.35302e-07               1.7763e-18              3.23951e-18               2.0051e-20              0.000824923                  0.21493              8.62081e-05              1.27214e-14              9.97658e-18              7.46551e-08              1.05755e-24              5.94008e-23              3.56604e-33              2.81619e-15              4.23091e-33              1.86715e-05                  0.72501              0.000399614                0.0587301                        1
      1250              0       0.541566              1.71923e-21              1.31158e-06              7.73491e-18              2.19623e-17              2.18253e-19              0.000574991                 0.215083              4.39665e-05               7.3298e-14              9.60073e-17              1.83212e-07               2.9949e-23              1.04017e-21              2.51089e-31              1.70534e-14              3.13271e-31              3.15262e-05                 0.725336              0.000232193                0.0586967                        1
      1300              0       0.721136              2.46013e-20              3.00222e-06               3.0121e-17              1.28606e-16              1.97533e-18              0.000411803                 0.215156              2.36482e-05              3.68757e-13              7.75485e-16              4.19202e-07              6.53775e-22              1.45843e-20              1.27247e-29              8.97982e-14              1.66213e-29              5.11042e-05                 0.725543              0.000140654                0.0586707                        1
      1350              0       0.900775              2.88938e-19              6.46857e-06              1.06216e-16              6.61094e-16              1.51741e-17              0.000302208                 0.215191              1.33391e-05              1.64442e-12              5.36126e-15              9.01337e-07              1.13245e-20              1.67833e-19              4.81432e-28              4.17641e-13               6.5576e-28              7.98925e-05                 0.725671              8.84396e-05                0.0586461                        1
      1400              0        1.08111              2.84481e-18              1.32036e-05              3.42802e-16               3.0249e-15              1.00694e-16              0.000226704                 0.215209              7.85125e-06              6.58431e-12              3.22587e-14              1.83346e-06              1.59566e-19              1.61917e-18              1.40313e-26              1.73866e-12              1.98585e-26              0.000120922                 0.725745              5.74988e-05                0.0586188                        1
      1450              0        1.26253              2.39124e-17              2.56746e-05              1.02188e-15              1.24684e-14              5.86047e-16              0.000173472                 0.215216              4.80104e-06               2.3937e-11              1.71383e-13              3.54885e-06              1.86847e-18              1.33371e-17              3.23654e-25              6.55378e-12              4.74415e-25               0.00017779                 0.725774               3.8523e-05                0.0585856                        1
      1500              0        1.44534              1.74333e-16              4.77899e-05              2.83589e-15              4.67807e-14              3.03109e-15              0.000135144                 0.215218              3.03847e-06              7.97769e-11              8.14048e-13              6.56917e-06              1.85231e-17              9.52935e-17              6.04856e-24              2.25922e-11              9.15547e-24              0.000254662                 0.725765              2.65184e-05                0.0585435                        1
      1550              0        1.62984              1.11764e-15              8.55081e-05              7.37752e-15              1.61217e-13               1.4092e-14              0.000107014                 0.215216              1.98354e-06              2.45799e-10              3.49468e-12              1.16796e-05              1.57993e-16              5.98801e-16              9.34705e-23              7.18414e-11              1.45709e-22              0.000356258                 0.725714              1.87073e-05                0.0584894                        1
      1600              0        1.81637              6.37704e-15              0.000147608              1.80998e-14              5.14368e-13              5.94847e-14              8.60045e-05                  0.21521              1.33174e-06              7.05289e-10              1.36888e-11              2.00209e-05              1.17598e-15              3.34931e-15              1.21591e-21              2.12337e-10              1.94729e-21              0.000487819                 0.725614              1.34933e-05                0.0584202                        1
      1650              0        2.00536              3.27291e-14              0.000246627              4.20996e-14              1.52995e-12               2.2999e-13              7.00577e-05                 0.215199              9.17192e-07              1.89688e-09              4.93333e-11               3.3199e-05              7.73375e-15              1.68532e-14              1.35252e-20              5.87208e-10              2.22031e-20              0.000655048                 0.725452              9.93089e-06                0.0583325                        1
      1700              0        2.19737              1.52512e-13              0.000399974              9.32713e-14               4.2685e-12              8.20832e-13               5.7773e-05                 0.215183              6.46505e-07              4.80912e-09              1.64788e-10               5.3409e-05               4.5433e-14              7.70045e-14              1.30442e-19              1.52832e-09               2.1904e-19               0.00086404                 0.725211              7.44452e-06                0.0582227                        1
      1750              0         2.3931              6.50614e-13               0.00063121              1.97642e-13              1.12312e-11               2.7228e-12              4.81785e-05                 0.215157              4.65442e-07              1.15513e-08              5.13508e-10               8.3574e-05              2.40745e-13              3.22143e-13              1.10418e-18              3.76303e-09              1.89303e-18               0.00112118                 0.724866              5.67493e-06                0.0580866                        1
      1800              0        2.59347              2.55969e-12              0.000971474              4.02033e-13              2.80039e-11              8.44573e-12              4.05883e-05                  0.21512              3.41626e-07               2.6404e-08              1.50144e-09              0.000127491              1.16063e-12              1.24299e-12              8.29358e-18              8.80534e-09              1.44913e-17               0.00143305                 0.724382              4.39265e-06                0.0579202                        1
      1850              0        2.79963              9.34864e-12               0.00146104              7.87618e-13              6.64529e-11              2.46304e-11              3.45112e-05                 0.215067              2.55221e-07              5.76649e-08              4.14034e-09               0.00018998               5.1301e-12              4.45254e-12              5.58145e-17              1.96609e-08               9.9232e-17               0.00180625                 0.723718              3.44791e-06                0.0577188                        1
      1900              0        3.01302              3.18828e-11               0.00215095              1.49041e-12              1.50651e-10              6.78609e-11              2.95899e-05                 0.214993              1.93784e-07              1.20752e-07              1.08174e-08              0.000277028              2.09333e-11              1.48938e-11               3.3949e-16              4.20414e-08               6.1322e-16               0.00224728                 0.722822              2.74107e-06                0.0574777                        1
      1950              0         3.2354               1.0207e-10               0.00310467              2.73129e-12              3.27405e-10              1.77402e-10              2.55614e-05                  0.21489              1.49339e-07              2.43221e-07              2.68874e-08              0.000395921              7.93437e-11               4.6766e-11              1.88092e-15              8.63707e-08              3.44694e-15               0.00276235                 0.721627               2.2046e-06                0.0571918                        1
      2000              0        3.46891              3.08206e-10               0.00439972              4.85862e-12              6.84206e-10              4.41749e-10              2.22291e-05                  0.21475              1.16666e-07               4.7257e-07              6.38129e-08              0.000555339              2.80909e-10              1.38489e-10              9.55919e-15              1.70967e-07              1.77499e-14               0.00335716                 0.720057              1.79194e-06                0.0568561                        1
      2050              0        3.71605              8.81532e-10               0.00612913               8.4073e-12              1.37874e-09              1.05143e-09              1.94449e-05                 0.214564              9.22878e-08              8.87982e-07              1.45089e-07              0.000765414              9.33628e-10              3.88414e-10              4.48468e-14              3.26908e-07              8.42736e-14               0.00403668                 0.718018              1.47052e-06                0.0564652                        1
      2100              0        3.97979              2.39759e-09                0.0084027              1.41781e-11              2.68568e-09              2.39959e-09              1.70954e-05                 0.214318              7.38434e-08               1.6174e-06              3.16967e-07               0.00103773              2.92623e-09              1.03564e-09              1.95338e-13              6.05187e-07              3.71059e-13               0.00480489                 0.715401              1.21718e-06                0.0560139                        1
      2150              0        4.26354              6.22267e-09                0.0113478              2.33417e-11              5.06856e-09              5.26582e-09              1.50934e-05                 0.214001              5.97065e-08              2.86165e-06              6.67122e-07                0.0013852              8.68474e-09              2.63421e-09              7.94042e-13              1.08688e-06              1.52314e-12               0.00566449                 0.712084              1.01525e-06                0.0554969                        1
      2200              0        4.57115              1.54608e-08                0.0151099               3.7572e-11              9.28673e-09              1.11397e-08              1.33711e-05                 0.213596              4.87385e-08               4.9274e-06              1.35597e-06               0.00182192              2.44987e-08              6.41139e-09              3.02657e-12              1.89707e-06              5.85679e-12               0.00661662                 0.707924              8.52587e-07                0.0549092                        1
      2250              0        4.90694              3.68811e-08                0.0198517              5.92126e-11              1.65498e-08              2.27693e-08              1.18753e-05                 0.213085              4.01314e-08              8.27117e-06              2.66743e-06               0.00236277              6.59095e-08              1.49736e-08              1.08636e-11               3.2231e-06              2.11885e-11               0.00766054                 0.702767              7.20219e-07                0.0542463                        1
      2300              0        5.27568              8.46929e-08                0.0257524              9.14782e-11              2.87351e-08              4.50603e-08               1.0564e-05                 0.212449              3.33039e-08              1.35563e-05              5.08831e-06               0.00302293              1.69638e-07              3.36408e-08              3.68657e-11              5.33777e-06              7.24087e-11               0.00879331                 0.696443               6.1146e-07                0.0535039                        1
      2350              0        5.68253               1.8768e-07                0.0330049              1.38695e-10               4.8684e-08              8.64992e-08              9.40397e-06                 0.211667               2.7833e-08              2.17249e-05              9.42881e-06               0.00381721              4.18892e-07              7.28717e-08                1.187e-10              8.62716e-06              2.34593e-10                0.0100095                 0.688773              5.21275e-07                0.0526785                        1
      2400              0        6.13298              4.02241e-07                0.0418124              2.06578e-10              8.05984e-08              1.61336e-07              8.36896e-06                 0.210716               2.3407e-08               3.4086e-05              1.69991e-05               0.00475914              9.94993e-07              1.52509e-07              3.63821e-10              1.36225e-05              7.22975e-10                0.0113008                 0.679568              4.45837e-07                0.0517676                        1
      2450              0        6.63283              8.35484e-07                0.0523826              3.02537e-10              1.30555e-07              2.92823e-07              7.43813e-06                 0.209575              1.97941e-08              5.24222e-05              2.98607e-05               0.00585986              2.27886e-06              3.08946e-07              1.06475e-09              2.10337e-05              2.12593e-09                0.0126561                 0.668642              3.82217e-07                0.0507696                        1
      2500              0        7.18804              1.68498e-06                0.0649215              4.36017e-10              2.07158e-07              5.17868e-07               6.5951e-06                  0.20822              1.68198e-08              7.91127e-05              5.11713e-05               0.00712686              5.04374e-06              6.06799e-07              2.98356e-09              3.17819e-05              5.98159e-09                 0.014061                  0.65581              3.28152e-07                0.0496843                        1
      2550              0        7.80465              3.30526e-06                0.0796239              6.18846e-10              3.22348e-07              8.93513e-07              5.82716e-06                 0.206628              1.43519e-08              0.000117275              8.56449e-05               0.00856252              1.08095e-05              1.15728e-06               8.0253e-09              4.70247e-05              1.61457e-08                0.0154978                 0.640902              2.81888e-07                0.0485129                        1
      2600              0         8.4887              6.31642e-06                0.0966633              8.65585e-10              4.92383e-07              1.50564e-06               5.1246e-06                 0.204779              1.22891e-08              0.000170921              0.000140141                0.0101626              2.24747e-05              2.14612e-06              2.07708e-08               6.8168e-05              4.19093e-08                 0.016946                 0.623773              2.42056e-07                 0.047258                        1
      2650              0        9.24605              1.17769e-05                  0.11618              1.19387e-09              7.38998e-07              2.48027e-06               4.4802e-06                 0.202655              1.05535e-08              0.000245129              0.000224394                0.0119147              4.54115e-05              3.87452e-06              5.18394e-08              9.68548e-05              1.04844e-07                 0.018382                 0.604309              2.07583e-07                0.0459238                        1
      2700              0        10.0823              2.14529e-05                 0.138266              1.62469e-09              1.09075e-06              3.99769e-06               3.8888e-06                 0.200242              9.08423e-09              0.000346217              0.000351875                0.0137971              8.93144e-05              6.81723e-06              1.25014e-07              0.000134922              2.53307e-07                0.0197799                 0.582439              1.77622e-07                0.0445163                        1
      2750              0        11.0029              3.82281e-05                 0.162952              2.18266e-09              1.58456e-06              6.30929e-06              3.34686e-06                 0.197528              7.83375e-09              0.000481931              0.000540756                0.0157773               0.00017124              1.17017e-05              2.91851e-07              0.000184315              5.92174e-07                0.0211117                 0.558148              1.51506e-07                0.0430426                        1
      2800              0        12.0126               6.6717e-05                  0.19019              2.89612e-09              2.26735e-06              9.75674e-06              2.85207e-06                 0.194508              6.76446e-09               0.00066162               0.00081493                 0.017812              0.000320495              1.96118e-05              6.60735e-07              0.000246948              1.34189e-06                0.0223483                 0.531483                1.287e-07                 0.041511                        1
      2850              0        13.1157              0.000114163                 0.219841              3.79721e-09              3.19795e-06              1.47922e-05              2.40299e-06                  0.19118              5.84637e-09              0.000896409               0.00120497                0.0198469              0.000586303              3.21178e-05              1.45297e-06              0.000324516              2.95235e-06                  0.02346                 0.502558              1.08775e-07                0.0399302                        1
      2900              0         14.316              0.000191731                 0.251655              4.92172e-09               4.4489e-06              2.19979e-05              1.99871e-06                 0.187545              5.05529e-09               0.00119933               0.00174891                0.0218176               0.00104961              5.14314e-05              3.10815e-06              0.000418236              6.31632e-06                 0.024417                 0.471559              9.13801e-08                0.0383088                        1
      2950              0        15.6163              0.000316337                 0.285259              6.30865e-09              6.10825e-06              3.21012e-05              1.63842e-06                 0.183604              4.37143e-09               0.00158541               0.00249258                 0.023651               0.00184089              8.05764e-05              6.47703e-06              0.000528554              1.31591e-05                0.0251901                 0.438738              7.62237e-08                 0.036654                        1
      3000              0        17.0176              0.000513199                 0.320141              7.99938e-09              8.28112e-06              4.59818e-05              1.32121e-06                 0.179352              3.77833e-09               0.00207165               0.00348928                0.0252673               0.00316643              0.000123561              1.31657e-05               0.00065479               2.6732e-05                0.0257507                 0.404404              6.30558e-08                0.0349707                        1
      3050      0.0720111        18.5183              0.000819335                 0.355629              1.00359e-08              1.10903e-05              6.46616e-05              1.04578e-06                 0.174775                3.262e-09               0.00267681               0.00479828                0.0265829               0.00534657              0.000185515              2.61361e-05              0.000794757              5.30178e-05                0.0260701                 0.368907              5.16578e-08                0.0332593                        1
      3100        0.27087         20.111               0.00128829                 0.390868              1.24576e-08               1.4675e-05               8.9269e-05               8.1033e-07                 0.169834              2.81027e-09                0.0034208               0.00648158                0.0275116               0.00887036              0.000272748              5.07297e-05              0.000944353              0.000102778                0.0261186                 0.332617              4.18329e-08                0.0315144                        1
      3150       0.549155        21.7787               0.00199645                 0.424779              1.52951e-08              1.91868e-05              0.000120957              6.12468e-07                 0.164455              2.41227e-09               0.00432349               0.00859792                 0.027967                0.0144722              0.000392613              9.63767e-05                0.0010971               0.00019496                0.0258636                 0.295901              3.34012e-08                0.0297223                        1
      3200       0.953273        23.4884               0.00305136                 0.455993              1.85599e-08              2.47785e-05              0.000160752              4.49317e-07                 0.158511              2.05812e-09               0.00540233                0.0111925                 0.027863                0.0232384              0.000553036              0.000179394               0.00124365              0.000362242                0.0252664                 0.259099              2.61978e-08                0.0278585                        1
      3250        1.55842        25.1838               0.00460251                 0.482753               2.2225e-08               3.1582e-05               0.00020928               3.1763e-07                 0.151796              1.73866e-09               0.00666798                0.0142798                0.0271139                0.0367518              0.000761429              0.000327475               0.00137123              0.000659894                  0.02428                 0.222508              2.00732e-08                0.0258854                        1
      3300        2.48931        26.7808               0.00685528                 0.502753              2.61937e-08               3.9665e-05              0.000266299              2.13991e-07                 0.144001              1.44551e-09                0.0081166                0.0178154                0.0256354                0.0572871                0.0010225               0.00058677               0.00146307               0.00117968                0.0228455                 0.186384               1.4897e-08                0.0237494                        1
      3350        3.96154        28.1722                0.0100886                 0.512902              3.02467e-08              4.89517e-05               0.00032991              1.35017e-07                 0.134673              1.17126e-09               0.00971608                0.0216495                0.0233491                0.0880702               0.00133416               0.00103285               0.00149808               0.00207128                0.0208919                 0.150965              1.05633e-08                0.0213795                        1
      3400        6.37371        29.2472                0.0146771                 0.508976              3.39587e-08               5.9073e-05              0.000395238              7.75014e-08                 0.123186              9.10244e-10                0.0113816                0.0254522                0.0201965                 0.133618               0.00168018               0.00178744               0.00145142               0.00357473                0.0183401                 0.116538              6.99752e-09                0.0186863                        1
      3450        10.5427        29.9235                 0.021119                 0.485116              3.65678e-08               6.9085e-05              0.000452244              3.84477e-08                 0.108686              6.59823e-10                0.0129303                0.0285911                0.0161731                  0.20018               0.00201724               0.00304344                0.0012973               0.00606878                0.0151187                0.0835715              4.16228e-09                0.0155656                        1
      3500        18.4339         30.176                0.0300702                 0.433113              3.67822e-08              7.68964e-05              0.000482129              1.49029e-08                0.0900609              4.22898e-10                 0.013991                0.0299352                0.0114025                 0.296301               0.00225256               0.00510203               0.00101747                 0.010142                0.0112053                0.0529366                2.058e-09                0.0119113                        1
