   "Tw[K]"          "B'c"    "hw[MJ/kg]"                      "C"                      "H"                      "O"                      "N"                     "CH"                    "CH4"                     "CO"                    "CO2"                     "CN"                    "C2H"         "C2H2,acetylene"                     "C3"                    "C3H"                     "C4"         "C4H2,butadiyne"                     "C5"                    "HCN"                     "H2"                    "H2O"                     "N2"                  "C(gr)"
       300              0       -1.03911             1.52208e-116              8.55279e-38              1.54616e-76              1.45995e-79              1.4075e-100                0.0979145              2.69764e-12              0.000498148              2.29816e-71              7.19141e-94              8.90604e-42             1.88012e-134             8.44828e-119             6.46765e-172              2.04051e-78              1.5219e-173              2.61398e-24              4.09468e-05                0.0810961                  0.82045                        1
       350              0       -0.97961              1.03726e-98              6.72494e-32              2.93185e-65              8.41849e-68              3.01785e-85                0.0983931              5.76335e-10               0.00114932              1.88901e-60              2.60241e-79              3.65622e-35             1.49905e-113             1.70814e-100             1.53128e-145              2.80404e-66             7.44496e-147              1.56912e-20              0.000355443                0.0797809                 0.820321                        1
       400              0      -0.917646              2.51717e-85              1.82826e-27               8.3689e-57              5.64383e-59              9.75241e-74                  0.09848              3.18098e-08               0.00205903               2.9269e-52                2.232e-68              3.42551e-30              7.30075e-98              9.54965e-87             9.68671e-126              3.74936e-57             8.18523e-127              1.08273e-17               0.00185487                0.0778999                 0.819706                        1
       450              0      -0.850092              6.57743e-75              5.23582e-24              3.15187e-50               4.1742e-52                 8.84e-65                0.0968592              7.14304e-07               0.00315904              6.89153e-46              7.24588e-60              2.55138e-26              1.17661e-85              4.81303e-76             2.51076e-110              4.84033e-50             3.27869e-111              1.75506e-15               0.00681401                0.0754956                 0.817671                        1
       500              0      -0.771045              1.43274e-66              3.07118e-21              5.79301e-45              1.31338e-46              1.29518e-57                0.0913406              8.62201e-06               0.00444601              8.62792e-41              4.68261e-53               3.1692e-23              6.90204e-76              1.76588e-67              5.47748e-98              2.37357e-44              1.01661e-98              1.02133e-13                0.0192231                0.0724041                 0.812578                        1
       550              0      -0.672563              9.57677e-60              5.60609e-19              1.19959e-40              4.14832e-42              9.30779e-52                0.0796038              6.71002e-05                0.0060442              1.27452e-36              1.72534e-47              1.04141e-20              6.78882e-68              1.77531e-60              6.89699e-88               1.0471e-39              1.71003e-88               2.7792e-12                0.0435733                0.0681473                 0.802564                        1
       600              0      -0.548873              4.68549e-54              4.18966e-17              4.88661e-37              2.33228e-38              6.84792e-47                0.0613543              0.000380015               0.00820481               3.7821e-33              7.28078e-43              1.21998e-18              3.10323e-61              1.17895e-54              1.81163e-79               7.3195e-36              5.72386e-80              4.19926e-11                0.0810265                 0.061963                 0.787071                        1
       650              0      -0.402411              3.06419e-49               1.5497e-15              5.68155e-34              3.47583e-35              8.58415e-43                0.0404978               0.00168024                0.0110705              3.26479e-30              5.70426e-39              6.26078e-17              1.33616e-55              9.51363e-50              2.41848e-72              1.19966e-32              9.38566e-73               3.9735e-10                 0.125328                0.0530596                 0.768364                        1
       700              0      -0.241411              4.11928e-45              3.27625e-14              2.38255e-31              1.82755e-32              2.66076e-39                0.0231242               0.00590823                0.0138829              1.06965e-27              1.18188e-35              1.65839e-15              8.98055e-51              1.45455e-45              3.10165e-66              6.20452e-30               1.4359e-66              2.59114e-09                 0.165592                0.0413806                 0.750112                        1
       750              0     -0.0670063              1.56109e-41              4.45234e-13              4.13795e-29              4.17822e-30              2.71217e-36                0.0120634                0.0161989                0.0144085              1.61573e-25              8.49623e-33              2.61894e-14              1.36507e-46              5.90744e-42              6.09807e-61              1.28969e-27              3.28915e-61              1.26323e-08                 0.195171                 0.028402                 0.733756                        1
       800              0       0.120744              2.11375e-38              4.26746e-12              3.24157e-27              4.85432e-28              1.13123e-33               0.00610016                0.0335016                0.0109345              1.30084e-23              2.61021e-30              2.77283e-13               6.1982e-43              8.25132e-39              2.61035e-56              1.30396e-25                1.609e-56              4.91237e-08                 0.213938                0.0165668                 0.718959                        1
       850              0       0.296415              1.22586e-35              3.09229e-11              1.23472e-25              3.23315e-26              2.27856e-31               0.00310887                0.0514601               0.00562874              6.24537e-22              4.01351e-28              2.14666e-12              1.04021e-39               4.8225e-36               3.1821e-52              7.39895e-24              2.20584e-52              1.60077e-07                 0.224489               0.00804961                 0.707263                        1
       900              0       0.430175              3.50638e-33              1.78494e-10              2.60702e-24              1.35663e-24              2.51685e-29               0.00163409                0.0623765               0.00214371              1.95234e-20              3.48652e-26              1.29546e-11              7.61531e-37               1.3714e-33              1.36142e-48              2.62437e-22              1.04718e-48              4.53679e-07                 0.229803               0.00343704                 0.700605                        1
       950              0       0.529266              5.52974e-31              8.54131e-10              3.61699e-23              3.85601e-23              1.68324e-27              0.000897051                0.0669005               0.00073906              4.25122e-19              1.88036e-24              6.39217e-11              2.77216e-34               2.1348e-31              2.41119e-45               6.3186e-21              2.03462e-45              1.14774e-06                 0.232307               0.00143389                 0.697721                        1
      1000              0       0.612729               5.2566e-29               3.4931e-09              3.72211e-22              7.86183e-22              7.36698e-26              0.000516381                0.0685455              0.000263067              6.80039e-18              6.77967e-23              2.67138e-10              5.57202e-32              1.99593e-29              2.01751e-42              1.09982e-19              1.84956e-42               2.6403e-06                 0.233486              0.000624909                 0.696562                        1
      1050              0       0.690619               3.2376e-27              1.24995e-08              3.03581e-21              1.20485e-20              2.24453e-24              0.000311243                0.0691556              0.000100919              8.34644e-17              1.73307e-21              9.70671e-10              6.73154e-30              1.20688e-27              8.87619e-40              1.45307e-18              8.76666e-40              5.60235e-06                 0.234064              0.000290269                 0.696072                        1
      1100              0       0.766733              1.37065e-25              3.98714e-08              2.04163e-20              1.44255e-19               5.0043e-23                0.0001957                0.0693977              4.19631e-05              8.14729e-16              3.29367e-20              3.12925e-09              5.23934e-28              5.01133e-26              2.24132e-37              1.51461e-17              2.36761e-37                1.109e-05                 0.234364              0.000143767                 0.695846                        1
      1150              0       0.842457              4.18825e-24              1.15104e-07              1.16397e-19              1.39325e-18              8.50652e-22              0.000127826                0.0695011               1.8814e-05              6.51647e-15              4.83862e-19              9.09614e-09              2.78237e-26              1.50108e-24               3.4921e-35              1.28531e-16              3.92039e-35              2.06707e-05                 0.234525              7.55371e-05                 0.695731                        1
      1200              0       0.918322              9.62089e-23              3.04511e-07              5.74785e-19              1.11493e-17              1.14062e-20               8.6384e-05                0.0695485              9.02668e-06              4.37828e-14              5.67527e-18              2.41585e-08              1.05755e-24              3.37907e-23              3.56604e-33              9.11321e-16              4.23091e-33              3.65556e-05                 0.234614              4.18447e-05                 0.695664                        1
      1250              0        0.99455              1.71923e-21              7.46011e-07              2.50196e-18              7.56061e-17              1.24139e-19               6.0181e-05                0.0695715              4.60015e-06              2.52331e-13              5.46077e-17              5.92726e-08               2.9949e-23              5.91637e-22              2.51089e-31               5.5171e-15              3.13271e-31              6.17304e-05                  0.23466              2.42982e-05                 0.695617                        1
      1300              0        1.07125              2.46013e-20              1.70744e-06              9.74139e-18              4.42818e-16              1.12342e-18              4.30828e-05                0.0695833              2.47343e-06               1.2697e-12              4.41039e-16              1.35591e-07              6.53775e-22              8.29448e-21              1.27247e-29              2.90452e-14              1.66213e-29              0.000100074                 0.234677              1.47133e-05                 0.695578                        1
      1350              0        1.14847              2.88938e-19              3.67848e-06              3.43487e-17              2.27669e-15              8.62907e-18              3.16043e-05                0.0695896              1.39497e-06              5.66307e-12              3.04879e-15              2.91479e-07              1.13245e-20              9.54418e-20              4.81432e-28              1.35059e-13               6.5576e-28              0.000156461                 0.234671              9.24883e-06                 0.695536                        1
      1400              0        1.22628              2.84481e-18              7.50766e-06              1.10854e-16              1.04193e-14              5.72556e-17              2.36981e-05                 0.069593              8.21016e-07              2.26796e-11              1.83426e-14              5.92786e-07              1.59566e-19              9.20674e-19              1.40313e-26              5.62136e-13              1.98585e-26              0.000236834                 0.234645              6.01163e-06                 0.695487                        1
      1450              0        1.30471              2.39124e-17               1.4597e-05              3.30446e-16              4.29575e-14               3.3319e-16              1.81244e-05                0.0695949              5.02043e-07              8.24705e-11              9.74377e-14              1.14711e-06              1.86847e-18              7.58265e-18              3.23654e-25              2.11841e-12              4.74415e-25              0.000348253                 0.234596              4.02662e-06                 0.695423                        1
      1500              0        1.38384              1.74333e-16              2.71661e-05              9.17051e-16              1.61223e-13              1.72302e-15              1.41112e-05                0.0695957              3.17733e-07              2.74939e-10              4.62745e-13              2.12272e-06              1.85231e-17              5.41695e-17              6.04856e-24              7.30033e-12              9.15547e-24              0.000498901                 0.234519              2.77098e-06                 0.695339                        1
      1550              0        1.46375              1.11764e-15              4.85975e-05              2.38571e-15              5.55822e-13              8.00903e-15              1.11652e-05                0.0695957              2.07423e-07              8.47433e-10              1.98616e-12              3.77259e-06              1.57993e-16              3.40321e-16              9.34705e-23              2.32053e-11              1.45709e-22              0.000698066                 0.234411              1.95403e-06                  0.69523                        1
      1600              0        1.54453              6.37704e-15              8.38702e-05              5.85314e-15              1.77424e-12              3.37989e-14              8.96422e-06                 0.069595              1.39267e-07              2.43279e-09              7.77789e-12              6.46368e-06              1.17598e-15              1.90306e-15              1.21591e-21              6.85521e-11              1.94729e-21              0.000956081                 0.234262              1.40874e-06                 0.695087                        1
      1650              0        1.62633              3.27291e-14              0.000140088              1.36146e-14              5.28059e-12              1.30638e-13              7.29288e-06                0.0695933              9.59209e-08              6.54705e-09              2.80221e-11              1.07114e-05              7.73375e-15              9.57287e-15              1.35252e-20              1.89458e-10              2.22031e-20               0.00128422                 0.234062              1.03618e-06                 0.694901                        1
      1700              0        1.70932              1.52512e-13              0.000227102              3.01641e-14              1.47441e-11              4.66061e-13              6.00455e-06                0.0695905              6.76171e-08              1.66114e-08              9.35655e-11              1.72184e-05               4.5433e-14              4.37225e-14              1.30442e-19              4.92712e-10               2.1904e-19               0.00169459                 0.233799               7.7617e-07                 0.694665                        1
      1750              0        1.79371              6.50614e-13              0.000358219              6.39212e-14              3.88314e-11              1.54522e-12              4.99751e-06                0.0695861              4.86853e-08              3.99379e-08              2.91422e-10              2.69167e-05              2.40745e-13               1.8282e-13              1.10418e-18              1.21196e-09              1.89303e-18               0.00219992                 0.233457              5.91121e-07                 0.694366                        1
      1800              0        1.87976              2.55969e-12              0.000550989              1.30035e-13              9.69351e-11              4.79015e-12              4.19999e-06                0.0695795              3.57396e-08              9.13969e-08              8.51567e-10              4.10112e-05              1.16063e-12              7.04983e-13              8.29358e-18               2.8325e-09              1.44913e-17               0.00281342                 0.233019              4.57035e-07                 0.693991                        1
      1850              0        1.96781              9.34864e-12              0.000828043              2.54778e-13              2.30349e-10              1.39593e-11               3.5606e-06                0.0695699              2.67061e-08              1.99887e-07              2.34653e-09              6.10223e-05               5.1301e-12              2.52347e-12              5.58145e-17              6.31517e-09               9.9232e-17               0.00354847                 0.232462              3.58249e-07                 0.693527                        1
      1900              0        2.05824              3.18828e-11               0.00121796              4.82192e-13              5.23089e-10              3.84257e-11              3.04197e-06                0.0695563              2.02836e-08              4.19275e-07              6.12528e-09              8.88239e-05              2.09333e-11              8.43351e-12               3.3949e-16              1.34798e-08               6.1322e-16               0.00441838                 0.231759              2.84341e-07                 0.692956                        1
      1950              0        2.15152               1.0207e-10               0.00175612              8.83836e-13              1.13907e-09              1.00345e-10              2.61658e-06                0.0695376               1.5638e-08              8.46191e-07              1.52085e-08              0.000126673              7.93437e-11              2.64526e-11              1.88092e-15              2.76338e-08              3.44694e-15               0.00543606                 0.230881              2.28249e-07                 0.692259                        1
      2000              0        2.24819              3.08206e-10               0.00248547              1.57268e-12              2.38599e-09              2.49551e-10               2.2639e-06                0.0695122              1.22237e-08              1.64796e-06              3.60489e-08              0.000177225              2.80909e-10              7.82349e-11              9.55919e-15              5.45607e-08              1.77499e-14               0.00661359                 0.229792              1.85106e-07                 0.691415                        1
      2050              0        2.34889              8.81532e-10               0.00345723              2.72239e-12              4.82105e-09              5.93077e-10              1.96845e-06                0.0694784              9.67681e-09              3.10502e-06              8.18397e-08              0.000243532              9.33628e-10              2.19091e-10              4.48468e-14              1.04012e-07              8.42736e-14               0.00796186                 0.228452              1.51504e-07                 0.690402                        1
      2100              0        2.45435              2.39759e-09                0.0047313              4.59335e-12              9.42055e-09              1.35113e-09               1.7184e-06                 0.069434              7.75062e-09              5.67337e-06              1.78474e-07              0.000329007              2.92623e-09              5.83139e-10              1.95338e-13              1.91873e-07              3.71059e-13               0.00949002                 0.226815              1.25023e-07                 0.689192                        1
      2150              0        2.56538              6.22267e-09               0.00637644              7.56708e-12               1.7843e-08              2.95891e-09              1.50469e-06                0.0693766              6.27502e-09               1.0074e-05              3.74861e-07              0.000437364              8.68474e-09              1.48018e-09              7.94042e-13              3.43173e-07              1.52314e-12                0.0112049                 0.224834               1.0392e-07                 0.687759                        1
      2200              0        2.68288              1.54608e-08               0.00847004              1.21907e-11              3.28265e-08              6.24449e-09              1.32028e-06                0.0693034              5.13093e-09              1.74172e-05               7.6011e-07              0.000572505              2.44987e-08              3.59399e-09              3.02657e-12              5.96118e-07              5.85679e-12                0.0131106                 0.222452              8.69261e-08                 0.686071                        1
      2250              0        2.80786              3.68811e-08                0.0110974              1.92327e-11              5.87717e-08              1.27284e-08              1.15968e-06                0.0692116              4.23386e-09              2.93725e-05              1.49113e-06              0.000738361              6.59095e-08              8.37049e-09              1.08636e-11              1.00721e-06              2.11885e-11                0.0152075                 0.219614              7.31035e-08                 0.684098                        1
      2300              0        2.94137              8.46929e-08                0.0143503              2.97527e-11              1.02577e-07              2.51095e-08               1.0186e-06                0.0690976              3.52301e-09              4.83927e-05              2.83542e-06              0.000938678              1.69638e-07              1.87461e-08              3.68657e-11              1.65748e-06              7.24087e-11                0.0174918                 0.216259              6.17541e-08                 0.681808                        1
      2350              0        3.08455               1.8768e-07                0.0183251              4.51851e-11              1.74807e-07              4.80263e-08              8.93677e-07                0.0689582              2.95411e-09              7.80062e-05              5.23509e-06               0.00117674              4.18892e-07              4.04601e-08                1.187e-10              2.65952e-06              2.34593e-10                 0.019955                  0.21233              5.23522e-08                 0.679168                        1
      2400              0        3.23856              4.02241e-07                0.0231195              6.74385e-11              2.91285e-07               8.9208e-08               7.8228e-07                0.0687896              2.49456e-09              0.000123188              9.39939e-06               0.00145504              9.94993e-07              8.43274e-08              3.63821e-10              4.16487e-06              7.22975e-10                0.0225826                 0.207768              4.44986e-08                 0.676146                        1
      2450              0         3.4046              8.35484e-07                0.0288288               9.9012e-11              4.75233e-07              1.61155e-07              6.82375e-07                0.0685882              2.12009e-09              0.000190822              1.64339e-05               0.00177487              2.27886e-06              1.70029e-07              1.06475e-09              6.37082e-06              2.12593e-09                0.0253544                 0.202522              3.78877e-08                 0.672713                        1
      2500              0        3.58385              1.68498e-06                0.0355415              1.43127e-10               7.6007e-07              2.83509e-07              5.92393e-07                0.0683504              1.81242e-09              0.000290267              2.80139e-05               0.00213596              5.04374e-06              3.32194e-07              2.98356e-09              9.52521e-06              5.98159e-09                0.0282432                  0.19655              3.22841e-08                 0.668843                        1
      2550              0        3.77748              3.30526e-06                0.0433328              2.03877e-10              1.19302e-06              4.86266e-07              5.11152e-07                0.0680731              1.55769e-09              0.000434039              4.66095e-05               0.00253599              1.08095e-05              6.29814e-07               8.0253e-09              1.39275e-05              1.61457e-08                0.0312152                 0.189818              2.75049e-08                 0.664513                        1
      2600    0.000375746        3.98662              6.31642e-06                0.0522587              2.86388e-10              1.83967e-06              8.13988e-07              4.37771e-07                0.0677533              1.34527e-09              0.000638608               7.5764e-05               0.00297028              2.24747e-05              1.16025e-06              2.07708e-08              1.99239e-05              4.19093e-08                0.0342296                 0.182314              2.34075e-08                 0.659707                        1
      2650     0.00332895        4.21237              1.17769e-05                0.0623488              3.96995e-10              2.78965e-06              1.33106e-06              3.71609e-07                0.0673885              1.16695e-09               0.00092534              0.000120423               0.00343146              4.54115e-05              2.07929e-06              5.18394e-08              2.78943e-05              1.04844e-07                 0.037239                 0.174042              1.98799e-08                 0.654413                        1
      2700     0.00647005        4.45584              2.14529e-05                0.0735989              5.43429e-10              4.16355e-06              2.12797e-06              3.12206e-07                 0.066977              1.01632e-09               0.00132156              0.000187303                0.0039093              8.93144e-05              3.62881e-06              1.25014e-07              3.82293e-05              2.53307e-07                  0.04019                  0.16503              1.68338e-08                 0.648626                        1
      2750     0.00982641        4.71824              3.82281e-05                0.0859643              7.35008e-10              6.12127e-06              3.32843e-06              2.59222e-07                0.0665174              8.88347e-10               0.00186174              0.000285273               0.00439086               0.00017124              6.17315e-06              2.91851e-07              5.12954e-05              5.92174e-07                0.0430246                 0.155334              1.41988e-08                 0.642344                        1
      2800      0.0134562        5.00109               6.6717e-05                0.0993531               9.8283e-10              8.87192e-06               5.0968e-06              2.12389e-07                0.0660086              7.79036e-10               0.00258885              0.000425709               0.00486069              0.000320495              1.02449e-05              6.60735e-07              6.73895e-05              1.34189e-06                0.0456811                 0.145036              1.19186e-08                 0.635565                        1
      2850      0.0174693        5.30647              0.000114163                 0.113622              1.29994e-09              1.26852e-05              7.64516e-06              1.71461e-07                0.0654491              6.85184e-10               0.00355576              0.000622774               0.00530151              0.000586303              1.65997e-05              1.45297e-06              8.66847e-05              2.95235e-06                0.0480958                 0.134243              9.94707e-09                 0.628281                        1
      2900      0.0220596        5.63758              0.000191731                 0.128572              1.70149e-09              1.79045e-05              1.12389e-05              1.36181e-07                0.0648365               6.0419e-10               0.00482668               0.00089353               0.00569496               0.00104961              2.62767e-05              3.10815e-06              0.000109171              6.31632e-06                0.0502047                 0.123089              8.24612e-09                 0.620467                        1
      2950      0.0275536        5.99948              0.000316337                 0.143949              2.20475e-09              2.49606e-05              1.61991e-05              1.06244e-07                0.0641659              5.33911e-10               0.00647858               0.00125782               0.00602265               0.00184089              4.06609e-05              6.47703e-06              0.000134595              1.31591e-05                0.0519443                 0.111724              6.78347e-09                 0.612065                        1
      3000      0.0344833        6.40016              0.000513199                  0.15944              2.82897e-09              3.43861e-05              2.29004e-05              8.12831e-08                0.0634276              4.72545e-10               0.00860223               0.00173777               0.00626721               0.00316643              6.15371e-05              1.31657e-05              0.000162411               2.6732e-05                0.0532525                 0.100307               5.5311e-09                 0.602965                        1
      3050      0.0436965        6.85212              0.000819335                 0.174676              3.59486e-09              4.68277e-05              3.17602e-05              6.08675e-08                0.0626043              4.18539e-10                0.0113026               0.00235679               0.00641318               0.00534657              9.11205e-05              2.61361e-05              0.000191737              5.30178e-05                0.0540679                0.0889997               4.4641e-09                 0.592973                        1
      3100      0.0565253        7.37434               0.00128829                 0.189224              4.52339e-09              6.30521e-05              4.32162e-05              4.45088e-08                0.0616673              3.70519e-10                0.0146977               0.00313781               0.00644773               0.00887036              0.000132041              5.07297e-05              0.000221323              0.000102778                0.0543273                0.0779536              3.55992e-09                 0.581773                        1
      3150      0.0750501        7.99478               0.00199645                  0.20258              5.63333e-09                8.394e-05              5.76854e-05              3.16825e-08                0.0605703              3.27229e-10                0.0189148               0.00410041               0.00636082                0.0144722               0.00018724              9.63767e-05              0.000249525               0.00019496                 0.053962                0.0672999              2.79797e-09                 0.568873                        1
      3200       0.102531        8.75306               0.00305136                 0.214144              6.93668e-09              0.000110452              7.54926e-05              2.18546e-08                0.0592429              2.87491e-10                0.0240812               0.00525623               0.00614501                0.0232384              0.000259717              0.000179394               0.00027428              0.000362242                0.0528918                0.0571426              2.15942e-09                 0.553545                        1
      3250       0.144145        9.70277               0.00460251                 0.223179              8.43053e-09              0.000143543              9.67509e-05              1.45088e-08                0.0575804              2.50174e-10                0.0303067               0.00660162               0.00579491                0.0367518              0.000352011              0.000327475              0.000293065              0.000659894                0.0510175                0.0475555              1.62737e-09                 0.534738                        1
      3300       0.208359         10.912               0.00685528                 0.228746              1.00831e-08              0.000183986              0.000121162              9.17044e-09                0.0554324              2.14199e-10                0.0376487               0.00810576               0.00530685                0.0572871              0.000465222               0.00058677              0.000302873               0.00117968                0.0482142                0.0385838              1.18712e-09                  0.51098                        1
      3350       0.309673        12.4596                0.0100886                 0.229608              1.18107e-08              0.000232011              0.000147689              5.42254e-09                 0.052587              1.78586e-10                0.0460502               0.00969176               0.00467926                0.0880702              0.000597255               0.00103285              0.000300222               0.00207128                0.0443275                 0.030254              8.26618e-10                 0.480262                        1
      3400       0.474792        14.4242                0.0146771                 0.224093              1.34397e-08              0.000286619              0.000174017              2.91231e-09                0.0487527              1.42572e-10                0.0552228                0.0112062               0.00391507                 0.133618              0.000739753               0.00178744              0.000281356               0.00357473                0.0391787                0.0225909              5.36841e-10                 0.439901                        1
      3450       0.758499        16.8616                 0.021119                 0.209902              1.46479e-08               0.00034422              0.000195679              1.34758e-09                0.0435364              1.05872e-10                0.0644258                0.0123709               0.00302786                  0.20018              0.000872829               0.00304344              0.000242875               0.00606878                 0.032594                0.0156459              3.12141e-10                  0.38643                        1
      3500        1.29346        19.7705                0.0300702                 0.183858              1.48754e-08              0.000395795              0.000204666              4.83947e-10                0.0364222              6.91665e-11                0.0720132                0.0127076               0.00205478                 0.296301              0.000956223               0.00510203              0.000183351                 0.010142                0.0244833               0.00953938              1.49982e-10                 0.315566                        1
