   "Tw[K]"          "B'c"    "hw[MJ/kg]"                      "C"                      "H"                      "O"                      "N"                     "CH"                    "CH4"                     "CO"                    "CO2"                     "CN"                    "C2H"         "C2H2,acetylene"                     "C3"                    "C3H"                     "C4"         "C4H2,butadiyne"                     "C5"                    "HCN"                     "H2"                    "H2O"                     "N2"                  "C(gr)"
       300              0       -5.56593             2.02943e-117               2.6844e-38              1.14215e-76              3.03047e-80             4.41761e-101                 0.400856              1.99274e-12                0.0020387              4.77037e-72              2.25711e-94              6.57998e-42             2.50683e-135              2.6516e-119             8.62353e-173              1.50757e-78              2.0292e-174              1.27725e-24              3.02524e-05                 0.331947                 0.265129                        1
       350              0       -5.46154              1.38301e-99              2.11141e-32              2.16448e-65              1.74749e-68              9.47506e-86                 0.403352              4.25487e-10               0.00469814              3.92116e-61              8.17072e-80              2.70309e-35             1.99874e-114             5.36301e-101              2.0417e-146              2.07307e-66             9.92662e-148              7.66974e-21              0.000262784                 0.326589                 0.265098                        1
       400              0       -5.34721              3.35623e-86              5.74916e-28              6.16227e-57              1.17165e-59              3.06674e-74                 0.406249              2.34225e-08               0.00837275              6.07618e-53              7.01875e-69              2.54049e-30              9.73433e-99              3.00298e-87             1.29156e-126              2.78066e-57             1.09136e-127              5.30115e-18               0.00137564                 0.319052                  0.26495                        1
       450              0       -5.22493              8.76991e-76              1.65498e-24              2.30206e-50              8.66821e-53              2.79422e-65                 0.407906              5.21714e-07                 0.012639              1.43111e-46              2.29034e-60              1.91185e-26              1.56881e-86              1.52134e-76             3.34768e-111              3.62705e-50             4.37159e-112              8.64009e-16               0.00510602                 0.309892                 0.264456                        1
       500              0       -5.09508              1.91032e-67              9.83714e-22              4.14973e-45              2.72926e-47              4.14852e-58                 0.405605              6.17624e-06                0.0171105              1.79292e-41              1.49986e-53              2.43859e-23              9.20273e-77              5.65621e-68               7.3033e-99              1.82638e-44              1.35548e-99              5.09858e-14                0.0147915                 0.299316                 0.263171                        1
       550              0       -4.95476               1.2769e-60              1.84691e-19               8.2723e-41              8.62865e-43              3.06642e-52                 0.395601              4.62718e-05                0.0215568              2.65105e-37              5.68407e-48              8.47723e-21              9.05176e-69              5.84869e-61              9.19599e-89              8.52356e-40              2.28004e-89              1.42835e-12                0.0354692                 0.286902                 0.260425                        1
       600              0       -4.79665              6.24733e-55              1.45232e-17              3.16992e-37              4.85143e-39              2.37379e-47                 0.373734              0.000246514                0.0258947              7.86725e-34              2.52384e-43              1.09946e-18              4.13764e-62              4.08677e-55               2.4155e-80              6.59644e-36              7.63182e-81              2.27094e-11                0.0730222                 0.271683                  0.25542                        1
       650              0       -4.60759              4.08558e-50               5.8074e-16              3.42186e-34               7.2033e-36              3.21685e-43                 0.336936               0.00101197                0.0301175              6.76595e-31              2.13763e-39              6.59411e-17              1.78155e-56              3.56517e-50              3.22464e-73              1.26353e-32              1.25142e-73              2.31442e-10                    0.132                 0.252434                   0.2475                        1
       700              0        -4.3659              5.49238e-46              1.35501e-14              1.36472e-31              3.74725e-33              1.10045e-39                 0.285435               0.00338422                0.0341619              2.19324e-28              4.88807e-36              2.12754e-15              1.19741e-51              6.01578e-46              4.13554e-67              7.95973e-30              1.91454e-67                1.648e-09                 0.212437                  0.22806                 0.236522                        1
       750              0       -4.03803              2.08145e-42              2.04018e-13               2.4419e-29              8.41308e-31              1.24279e-36                 0.224376               0.00955935                0.0376326              3.25335e-26               3.8932e-33              4.12427e-14              1.82009e-47              2.70695e-42              8.13075e-62              2.03098e-27              4.38554e-62              8.74155e-09                 0.307353                 0.197959                 0.223121                        1
       800              0        -3.5794              2.81833e-39              2.14038e-12              2.24556e-27               9.5466e-29              5.67376e-34                 0.162858                0.0232079                 0.039355              2.55825e-24              1.30917e-30               5.2315e-13              8.26426e-44              4.13851e-39              3.48046e-57              2.46018e-25              2.14533e-57              3.63407e-08                 0.403637                 0.162395                 0.208548                        1
       850              0       -2.95331              1.63448e-36              1.66354e-11              1.16022e-25              6.18512e-27              1.22578e-31                 0.109849                0.0483552                0.0372749              1.19476e-22              2.15912e-28              4.65938e-12              1.38694e-40              2.59432e-36               4.2428e-53              1.60596e-23              2.94112e-53              1.23557e-07                  0.48726                 0.123133                 0.194128                        1
       900              0       -2.18206              4.67518e-34              1.00789e-10              3.56084e-24              2.51778e-25              1.42118e-29                 0.070084                 0.085198                0.0299946              3.62337e-21              1.96871e-26              3.09789e-11              1.01537e-37              7.74382e-34              1.81523e-49              6.27576e-22              1.39624e-49              3.56581e-07                 0.549538                0.0841968                 0.180988                        1
       950              0       -1.39133              7.37299e-32              4.97051e-10              6.78658e-23              6.95568e-24              9.79541e-28                0.0434018                 0.125526                0.0195141              7.66859e-20              1.09425e-24              1.62354e-10              3.69622e-35              1.24232e-31              3.21492e-46              1.60485e-20              2.71283e-46               9.0361e-07                 0.590034                0.0512502                 0.170273                        1
      1000              0      -0.740171               7.0088e-30              2.06901e-09              8.54152e-22              1.38799e-22              4.36356e-26                0.0268137                 0.157299                0.0103901               1.2006e-18              4.01568e-23              7.02908e-10              7.42936e-33              1.18221e-29              2.69002e-43               2.8939e-19              2.46607e-43              2.07076e-06                  0.61436                0.0283001                 0.162836                        1
      1050              0      -0.282032               4.3168e-28              7.48108e-09              7.72976e-21              2.09887e-21              1.34337e-24                0.0168488                 0.176084               0.00490702              1.45397e-17              1.03726e-21              2.60781e-09              8.97539e-31              7.22333e-28              1.18349e-40              3.90382e-18              1.16889e-40              4.38083e-06                 0.628839                0.0148922                 0.158425                        1
      1100              0       0.032816              1.82754e-26              2.40138e-08              5.45487e-20              2.49424e-20                3.014e-23                0.0108636                 0.185418               0.00224669              1.40871e-16              1.98372e-20              8.51333e-09              6.98578e-29              3.01823e-26              2.98842e-38              4.12061e-17              3.15681e-38              8.66163e-06                 0.637602               0.00783766                 0.156023                        1
      1150              0       0.267213              5.58433e-25               6.9593e-08              3.17813e-19              2.39918e-19              5.14314e-22               0.00720622                 0.189768               0.00105197              1.12214e-15              2.92548e-19              2.49385e-08              3.70982e-27              9.07567e-25              4.65613e-36              3.52389e-16              5.22719e-36              1.61408e-05                 0.642989               0.00424097                 0.154728                        1
      1200              0       0.460798              1.28279e-23              1.84558e-07              1.58506e-18              1.91553e-18              6.91304e-21               0.00491736                 0.191791               0.00051484              7.52216e-15              3.43966e-18              6.65561e-08              1.41006e-25              2.04798e-23              4.75472e-34              2.51067e-15              5.64121e-34              2.85485e-05                 0.646357               0.00238431                 0.154006                        1
      1250              0       0.634062               2.2923e-22              4.52848e-07              6.93195e-18              1.29721e-17              7.53557e-20               0.00344724                 0.192756              0.000264841              4.32938e-14              3.31483e-17              1.63806e-07               3.9932e-24              3.59139e-22              3.34785e-32              1.52471e-14              4.17695e-32              4.82194e-05                 0.648506               0.00139536                 0.153582                        1
      1300              0       0.797154              3.28018e-21              1.03754e-06              2.70513e-17              7.59131e-17              6.82656e-19               0.00247813                 0.193229              0.000143052              2.17668e-13              2.68001e-16                3.755e-07                8.717e-23               5.0402e-21              1.69663e-30              8.04367e-14              2.21617e-30               7.8187e-05                 0.649905               0.00084863                 0.153317                        1
      1350              0       0.955196               3.8525e-20              2.23687e-06              9.54934e-17               3.9008e-16              5.24732e-18               0.00182316                 0.193467              8.08633e-05              9.70291e-13              1.85396e-15              8.08381e-07              1.50994e-21              5.80379e-20              6.41909e-29              3.74569e-13              8.74346e-29              0.000122262                 0.650831              0.000534834                 0.153137                        1
      1400              0        1.11088              3.79307e-19              4.56782e-06              3.08366e-16              1.78448e-15              3.48355e-17               0.00136999                  0.19359               4.7648e-05              3.88429e-12                1.116e-14              1.64577e-06              2.12755e-20              5.60158e-19              1.87085e-27              1.56067e-12              2.64781e-27              0.000185091                  0.65145              0.000348209                 0.153003                        1
      1450              0        1.26571              3.18832e-18              8.88484e-06               9.1949e-16              7.35483e-15              2.02805e-16               0.00104953                 0.193653              2.91539e-05              1.41199e-11              5.93081e-14              3.18743e-06               2.4913e-19              4.61539e-18              4.31538e-26              5.88634e-12              6.32554e-26              0.000272193                 0.651861              0.000233499                  0.15289                        1
      1500              0        1.42057              2.32444e-17              1.65414e-05              2.55216e-15              2.75952e-14              1.04914e-15              0.000818322                 0.193685              1.84566e-05              4.70591e-11              2.81764e-13              5.90261e-06              2.46975e-18              3.29837e-17              8.06475e-25              2.02998e-11              1.22073e-24              0.000389966                 0.652122              0.000160827                 0.152782                        1
      1550              0        1.57606              1.49018e-16              2.96011e-05              6.63999e-15              9.51079e-14              4.87837e-15              0.000648378                 0.193701              1.20508e-05              1.45006e-10              1.20978e-12              1.04976e-05              2.10657e-17              2.07292e-16              1.24627e-23               6.4571e-11              1.94279e-23              0.000545674                  0.65227              0.000113499                 0.152669                        1
      1600              0        1.73262              8.50273e-16              5.11043e-05              1.62913e-14              3.03499e-13              2.05946e-14              0.000521312                 0.193707              8.09179e-06              4.16149e-10              4.73928e-12              1.79987e-05              1.56797e-16              1.15959e-15              1.62121e-22               1.9089e-10              2.59639e-22              0.000747396                 0.652323              8.18879e-05                 0.152542                        1
      1650              0         1.8906              4.36388e-15              8.53938e-05               3.7895e-14              9.02967e-13              7.96334e-14              0.000424798                 0.193707              5.57352e-06              1.11953e-09              1.70815e-11              2.98509e-05              1.03117e-15              5.83535e-15              1.80337e-21              5.27989e-10              2.96041e-21               0.00100396                 0.652291              6.02817e-05                 0.152393                        1
      1700              0        2.05038              2.03349e-14                0.0001385              8.39607e-14              2.52015e-12              2.84232e-13              0.000350415                 0.193702              3.92906e-06              2.83933e-09              5.70618e-11                4.803e-05              6.05773e-15              2.66646e-14              1.73922e-20               1.3744e-09              2.92054e-20               0.00132484                 0.652173              4.51984e-05                 0.152214                        1
      1750              0        2.21232              8.67485e-14              0.000218588              1.77926e-13              6.63406e-12              9.42904e-13              0.000292311                 0.193694              2.82909e-06              6.82311e-09              1.77828e-10              7.51686e-05              3.20994e-14              1.11558e-13              1.47223e-19              3.38457e-09              2.52404e-19               0.00172006                 0.651963              3.44625e-05                    0.152                        1
      1800              0        2.37685              3.41292e-13              0.000336453              3.61966e-13              1.65511e-11              2.92503e-12              0.000246352                 0.193681              2.07694e-06              1.56055e-08              5.19996e-10               0.00011469              1.54751e-13              4.30487e-13              1.10581e-18              7.92123e-09              1.93218e-18                   0.0022                  0.65165              2.66833e-05                 0.151742                        1
      1850              0        2.54445              1.24649e-12              0.000506069              7.09233e-13              3.93041e-11              8.53138e-12              0.000209572                 0.193663              1.55211e-06              3.41064e-08              1.43411e-09              0.000170948              6.84013e-13              1.54225e-12              7.44194e-18              1.76913e-08              1.32309e-17                0.0027753                 0.651217               2.0953e-05                 0.151435                        1
      1900              0         2.7157              4.25104e-12              0.000745169              1.34238e-12              8.91832e-11              2.35095e-11              0.000179815                 0.193639              1.17901e-06              7.14835e-08              3.74755e-09              0.000249365               2.7911e-12              5.15977e-12              4.52654e-17              3.78432e-08              8.17626e-17               0.00345663                 0.650642              1.66671e-05                 0.151071                        1
      1950              0        2.89125              1.36094e-11               0.00107585              2.46075e-12              1.94026e-10              6.14744e-11              0.000155492                 0.193605              9.09151e-07              1.44138e-07              9.31716e-09              0.000356566              1.05792e-11              1.62056e-11              2.50789e-16              7.77852e-08              4.59592e-16               0.00425453                 0.649896               1.3416e-05                 0.150642                        1
      2000              0        3.07188              4.10941e-11               0.00152516              4.37921e-12              4.05993e-10              1.53132e-10              0.000135415                  0.19356               7.1084e-07              2.80413e-07              2.21207e-08              0.000500495              3.74545e-11              4.80072e-11              1.27456e-15              1.54083e-07              2.36665e-15               0.00517912                 0.648946              1.09171e-05                 0.150142                        1
      2050              0        3.25848              1.17538e-10               0.00212572              7.58198e-12              8.19355e-10               3.6466e-10               0.00011869                   0.1935              5.62934e-07               5.2771e-07                5.032e-08               0.00069051              1.24484e-10               1.3471e-10              5.97957e-15              2.94916e-07              1.12365e-14               0.00623997                 0.647752              8.97285e-06                 0.149563                        1
      2100              0        3.45208              3.19678e-10               0.00291622              1.27957e-11              1.59889e-09              8.32794e-10              0.000104632                 0.193422              4.51094e-07              9.62904e-07              1.10006e-07              0.000937443              3.90164e-10              3.59427e-10              2.60451e-14              5.46704e-07              4.94745e-14               0.00744577                 0.646267              7.44259e-06                 0.148897                        1
      2150              0        3.65381              8.29689e-10               0.00394192              2.10861e-11              3.02379e-09               1.8292e-09              9.27153e-05                 0.193322              3.65437e-07              1.70719e-06               2.3174e-07               0.00125362              1.15797e-09               9.1505e-10              1.05872e-13              9.83636e-07              2.03085e-13               0.00880407                 0.644439              6.22516e-06                 0.148137                        1
      2200              0        3.86497              2.06144e-09               0.00525503              3.39832e-11               5.5536e-09              3.87424e-09              8.25294e-05                 0.193193              2.99042e-07              2.94666e-06              4.71591e-07                0.0016528               3.2665e-09               2.2298e-09              4.03543e-13              1.72097e-06              7.80905e-13                 0.010321                 0.642209              5.24674e-06                 0.147276                        1
      2250              0        4.08696              4.91748e-09               0.00691487              5.36401e-11              9.92452e-09              7.93116e-09              7.37524e-05                 0.193031                 2.47e-07              4.96001e-06              9.29136e-07               0.00215009              8.78793e-09              5.21572e-09              1.44849e-12              2.93298e-06              2.82513e-12                0.0120012                 0.639509              4.45284e-06                 0.146306                        1
      2300              0        4.32134              1.12924e-08               0.00898801              8.30303e-11              1.72864e-08              1.57268e-08              6.61296e-05                 0.192829              2.05776e-07              8.15519e-06              1.77591e-06               0.00276173              2.26183e-08              1.17412e-08              4.91543e-12              4.87656e-06               9.6545e-12                0.0138469                 0.636267              3.80279e-06                 0.145222                        1
      2350              0        4.56975               2.5024e-08                 0.011548              1.26189e-10               2.9393e-08               3.0265e-08              5.94581e-05                  0.19258              1.72798e-07              1.31164e-05              3.29903e-06               0.00350482              5.58522e-08               2.5497e-08              1.58267e-11              7.92114e-06              3.12791e-11                0.0158584                 0.632405              3.26592e-06                 0.144016                        1
      2400              0        4.83395              5.36321e-08                0.0146751              1.88499e-10              4.88602e-08               5.6625e-08              5.35751e-05                 0.192275               1.4617e-07              2.06635e-05              5.96628e-06               0.00439687              1.32666e-07               5.3527e-08              4.85095e-11              1.25855e-05              9.63967e-11                0.0180334                 0.627839              2.81889e-06                 0.142684                        1
      2450              0        5.11578              1.11398e-07                0.0184554              2.77032e-10               7.9508e-08              1.03167e-07              4.83493e-05                 0.191907               1.2448e-07              3.19251e-05              1.05205e-05               0.00545531              3.03848e-07              1.08847e-07              1.41967e-10              1.95816e-05              2.83457e-10                0.0203664                 0.622481              2.44374e-06                 0.141221                        1
      2500              0        5.41711              2.24663e-07                0.0229797              4.00934e-10              1.26806e-07              1.83305e-07              4.36746e-05                 0.191466              1.06665e-07              4.84266e-05              1.81127e-05               0.00669686              6.72499e-07              2.14784e-07              3.97808e-10              2.98644e-05              7.97545e-10                0.0228492                 0.616242              2.12657e-06                 0.139623                        1
      2550              0        5.73986              4.40702e-07                0.0283424              5.71867e-10              1.98439e-07              3.18049e-07              3.94649e-05                 0.190942               9.1917e-08              7.21952e-05              3.04856e-05                0.0081367              1.44127e-06              4.11938e-07              1.07004e-09              4.46862e-05              2.15276e-09                0.0254699                  0.60903              1.85651e-06                 0.137887                        1
      2600              0        6.08597              8.42189e-07                0.0346391              8.04494e-10              3.05017e-07              5.39543e-07              3.56504e-05                 0.190326              7.96175e-08              0.000105881              5.02194e-05                0.0097876              2.99662e-06              7.69057e-07              2.76944e-09              6.56526e-05              5.58791e-09                0.0282134                 0.600757              1.62503e-06                 0.136012                        1
      2650              0        6.45735              1.57026e-06                0.0419651                1.117e-09              4.60938e-07              8.95894e-07              3.21744e-05                 0.189608              6.92874e-08              0.000152895               8.1053e-05                 0.011659              6.05487e-06              1.39951e-06              6.91192e-09              9.47757e-05              1.39792e-08                0.0310607                 0.591336              1.42537e-06                 0.133998                        1
      2700              0        6.85586              2.86038e-06                0.0504117              1.53167e-09              6.85439e-07              1.45756e-06              2.89912e-05                 0.188777              6.05533e-08              0.000217566              0.000128294                0.0137556              1.19086e-05              2.48556e-06              1.66685e-08              0.000134517              3.37743e-08                0.0339895                  0.58069              1.25212e-06                 0.131846                        1
      2750              0        7.28334              5.09708e-06                 0.060064              2.07542e-09              1.00383e-06               2.3256e-06               2.6064e-05                 0.187824              5.31218e-08              0.000305306              0.000199323                0.0160769              2.28321e-05              4.31324e-06              3.89135e-08              0.000187816              7.89566e-08                0.0369735                 0.568749              1.10099e-06                 0.129557                        1
      2800              0        7.74159               8.8956e-06                0.0709968              2.78042e-09              1.44891e-06              3.64212e-06              2.33638e-05                 0.186738              4.67608e-08              0.000422797              0.000304208                0.0186154              4.27326e-05              7.32093e-06               8.8098e-08              0.000258088              1.78919e-07                0.0399834                 0.555456              9.68487e-07                 0.127136                        1
      2850              0        8.23243              1.52217e-05                0.0832706              3.68459e-09              2.06267e-06              5.60293e-06              2.08673e-05                  0.18551              4.12853e-08               0.00057818              0.000456414                 0.021356              7.81737e-05              1.21655e-05              1.93729e-07               0.00034919              3.93647e-07                0.0429862                  0.54077              8.51804e-07                 0.124588                        1
      2900              0         8.7577              2.55641e-05                0.0969276              4.83212e-09              2.89805e-06              8.47271e-06              1.85567e-05                 0.184131              3.65468e-08              0.000781255              0.000673611                0.0242746              0.000139949              1.98094e-05               4.1442e-07              0.000465337              8.42176e-07                0.0459463                 0.524665              7.48652e-07                 0.121918                        1
      2950     0.00192157         9.3194              4.21782e-05                 0.111987              6.27388e-09              4.02106e-06              1.26023e-05              1.64182e-05                 0.182592              3.24253e-08               0.00104367              0.000978539                0.0273381              0.000245452              3.16327e-05              8.63604e-07              0.000610954              1.75454e-06                0.0488252                 0.507137              6.57159e-07                 0.119132                        1
      3000        0.03989        9.91983              6.84266e-05                  0.12844              8.06764e-09              5.51287e-06              1.84479e-05              1.44411e-05                 0.180883              2.88232e-08               0.00137913                0.0013999                 0.030503               0.00042219              4.95725e-05              1.75543e-06              0.000790469              3.56426e-06                0.0515822                 0.488201              5.75784e-07                 0.116237                        1
      3050      0.0816401        10.5617              0.000109245                 0.146245              1.02781e-08              7.47217e-06              2.65908e-05              1.26173e-05                 0.178992              2.56601e-08               0.00180352                0.0019732                0.0337158              0.000712876              7.62896e-05              3.48482e-06               0.00100801              7.06903e-06                0.0541744                 0.467895              5.03252e-07                 0.113236                        1
      3100       0.127974        11.2485              0.000171772                 0.165321              1.29765e-08              1.00173e-05              3.77571e-05              1.09405e-05                 0.176909              2.28697e-08               0.00233508               0.00274144                0.0369124               0.00118271              0.000115361              6.76396e-06               0.00126704              1.37038e-05                0.0565567                 0.446274              4.38492e-07                 0.110134                        1
      3150       0.180107        11.9846              0.000266193                 0.185541                1.624e-08              1.32886e-05              5.28336e-05              9.40543e-06                 0.174614              2.03965e-08               0.00299441               0.00375553                0.0400187               0.00192963              0.000171491              1.28502e-05               0.00156987              2.59947e-05                0.0586819                 0.423412              3.80604e-07                  0.10693                        1
      3200       0.239873        12.7755              0.000406847                 0.206727              2.01494e-08              1.74496e-05              7.28778e-05              8.00738e-06                 0.172086               1.8193e-08               0.00380444               0.00507418                0.0429503               0.00309846              0.000250722              2.39192e-05               0.00191707              4.82989e-05                0.0604996                 0.399396              3.28815e-07                 0.103619                        1
      3250       0.310022        13.6285              0.000613668                 0.228635              2.47864e-08              2.26878e-05              9.91164e-05              6.74184e-06                 0.169291              1.62189e-08               0.00479014               0.00676303                0.0456131               0.00490024              0.000360618              4.36633e-05               0.00230679              8.79859e-05                0.0619557                  0.37432              2.82454e-07                  0.10019                        1
      3300       0.394667         14.552              0.000914037                 0.250949              3.02284e-08              2.92138e-05              0.000132923               5.6041e-06                 0.166182              1.44384e-08               0.00597799               0.00889256                0.0479032               0.00763828              0.000510379               7.8236e-05               0.00273393              0.000157291                0.0629903                 0.348283              2.40937e-07                0.0966217                        1
      3350       0.499935        15.5562               0.00134514                 0.273259              3.65392e-08              3.72567e-05              0.000175766              4.58915e-06                  0.16269              1.28196e-08               0.00739482                0.0115342                0.0497063                0.0117427              0.000710798              0.000137714               0.00318917              0.000276171                0.0635355                 0.321378              2.03743e-07                 0.092882                        1
      3400       0.634978        16.6514               0.00195695                 0.295037              4.37552e-08              4.70547e-05              0.000229107              3.69155e-06                 0.158723              1.13338e-08               0.00906601                0.0147538                0.0508973                0.0178157              0.000973943              0.000238325               0.00365773               0.00047663                0.0635121                 0.293689              1.70413e-07                0.0889227                        1
      3450        0.81356        17.8467               0.00281587                 0.315604              5.18632e-08              5.88371e-05              0.000294218              2.90565e-06                 0.154147              9.95428e-09                0.0110122                0.0186006                0.0513392                0.0266906               0.00131237              0.000405792               0.00411809              0.000809171                 0.062826                 0.265286              1.40543e-07                0.0846766                        1
      3500        1.05669        19.1468               0.00400936                 0.334083              6.07659e-08              7.27921e-05              0.000371892               2.2257e-06                 0.148785              8.65645e-09                0.0132442                0.0230906                0.0508825                0.0395068               0.00173752              0.000680271               0.00454033               0.00135226                0.0613643                 0.236224              1.13788e-07                0.0800532                        1
