   "Tw[K]"          "B'c"    "hw[MJ/kg]"                      "C"                      "H"                      "O"                      "N"                     "CH"                    "CH4"                     "CO"                    "CO2"                     "CN"                    "C2H"         "C2H2,acetylene"                     "C3"                    "C3H"                     "C4"         "C4H2,butadiyne"                     "C5"                    "HCN"                     "H2"                    "H2O"                     "N2"                  "C(gr)"
       300              0       -6.92044              6.0883e-116              3.57221e-37               6.7429e-76              1.23296e-79             5.87864e-100                 0.465569              1.17645e-11               0.00236854              1.94085e-71              3.00361e-93              3.88404e-41             7.52049e-134             3.52856e-118             2.58706e-171              8.89891e-78             6.08759e-173              2.30506e-24              0.000178574                 0.385594                  0.14629                        1
       350              0        -6.7982              4.14904e-98               2.8085e-31              1.27818e-64              7.10771e-68              1.26033e-84                 0.467659              2.51261e-09               0.00546112              1.59489e-60              1.08683e-78               1.5942e-34             5.99622e-113             7.13362e-100              6.1251e-145              1.22264e-65             2.97799e-146              1.38317e-20               0.00154982                 0.379141                 0.146189                        1
       400              0         -6.662              1.00687e-84              7.63162e-27              3.64295e-56              4.75907e-59              4.07089e-73                 0.467173              1.38467e-07               0.00975377              2.46806e-52              9.31692e-68              1.49218e-29               2.9203e-97              3.98625e-86             3.87468e-125              1.63325e-56             3.27409e-126              9.52767e-18               0.00807994                 0.369281                 0.145712                        1
       450              0       -6.51392              2.63097e-74                2.182e-23               1.3652e-49              3.50512e-52              3.68403e-64                 0.456502              3.09395e-06                0.0148168               5.7869e-46              3.01968e-59              1.10778e-25              4.70643e-85              2.00581e-75              1.0043e-109              2.10163e-49             1.31148e-110              1.53544e-15                0.0295858                 0.354954                 0.144138                        1
       500              0       -6.34937              5.73097e-66              1.27441e-20              2.47911e-44              1.09127e-46              5.37443e-57                 0.423152              3.68978e-05                0.0203561              7.16885e-41              1.94308e-52              1.36426e-22              2.76082e-75              7.32765e-67              2.19099e-97              1.02176e-43              4.06643e-98              8.80349e-14                0.0827502                 0.333458                 0.140247                        1
       550              0        -6.1484              3.83071e-59              2.30454e-18              5.01979e-40              3.37511e-42              3.82623e-51                 0.355181              0.000280786                0.0264596              1.03696e-36              7.09249e-47              4.39957e-20              2.71553e-67              7.29789e-60               2.7588e-87              4.42362e-39              6.84011e-88               2.3238e-12                 0.184081                 0.301182                 0.132816                        1
       600              0       -5.86238               1.8742e-53              1.69286e-16              1.98221e-36              1.83645e-38              2.76695e-46                 0.255525                0.0015415                0.0337514              2.97805e-33              2.94185e-42              4.97938e-18              1.24129e-60              4.76364e-54              7.24651e-79              2.98748e-35              2.28954e-79              3.34005e-11                 0.330713                 0.256471                 0.121998                        1
       650              0       -5.40225              1.22567e-48              6.10344e-15              2.23265e-33              2.63348e-35              3.38083e-42                 0.152249               0.00660277                 0.042738              2.47358e-30               2.2466e-38              2.42784e-16              5.34466e-55               3.7469e-49              9.67391e-72               4.6521e-32              3.75426e-72              2.96422e-10                 0.486003                 0.202139                 0.110268                        1
       700              0       -4.66671              1.64771e-44              1.25256e-13              9.09138e-31              1.33716e-32              1.01724e-38                0.0771912                0.0225447                0.0505353              7.82629e-28              4.51849e-35              6.05994e-15              3.59222e-50              5.56094e-45              1.24066e-65               2.2672e-29              5.74362e-66              1.81202e-09                 0.605092                 0.144247                  0.10039                        1
       750              0       -3.61982              6.24435e-41              1.65338e-12              1.52337e-28              2.97051e-30              1.00717e-35                0.0358451                0.0596357                  0.04882               1.1487e-25              3.15509e-32              9.02891e-14              5.46026e-46              2.19374e-41              2.43923e-60              4.44624e-27              1.31566e-60              8.33774e-09                  0.67286                0.0901194                0.0927196                        1
       800              0       -2.40669              8.45499e-38              1.54326e-11              1.13219e-26              3.36904e-28              4.09091e-33                 0.016302                 0.117012                0.0333478               9.0282e-24              9.43942e-30              9.06573e-13              2.47928e-42              2.98396e-38              1.04414e-55              4.26327e-25              6.43599e-56              3.08232e-08                 0.699466                0.0472957                0.0865762                        1
       850              0       -1.41013              4.90343e-35              1.09626e-10              4.04909e-25              2.20661e-26              8.07778e-31               0.00767275                 0.168756                0.0151331              4.26244e-22              1.42284e-27              6.74477e-12              4.16082e-39              1.70964e-35              1.27284e-51              2.32474e-23              8.82337e-52              9.68283e-08                 0.705342                0.0207351                0.0823612                        1
       900              0      -0.829957              1.40255e-32              6.26089e-10              8.16875e-24              9.18561e-25              8.82818e-29                 0.003865                 0.195449               0.00526173              1.32191e-20              1.22294e-25              3.98467e-11              3.04612e-36              4.81037e-33              5.44569e-48               8.0722e-22              4.18872e-48               2.6937e-07                 0.706844                0.0082814                0.0802986                        1
       950              0      -0.508408               2.2119e-30              2.98236e-09              1.10978e-22              2.60307e-23              5.87735e-27               0.00208343                 0.205267               0.00173941              2.86986e-19              6.56563e-24              1.94832e-10              1.10887e-33              7.45405e-31              9.64477e-45              1.92589e-20              8.13849e-45              6.76339e-07                 0.708066               0.00335242                0.0794908                        1
      1000              0      -0.287345              2.10264e-28              1.21737e-08              1.13277e-21              5.30129e-22              2.56745e-25               0.00119026                 0.208609              0.000609134              4.58555e-18              2.36277e-22              8.11151e-10              2.22881e-31              6.95598e-29              8.07006e-42              3.33954e-19              7.39822e-42              1.55118e-06                 0.708967                0.0014437                  0.07918                        1
      1050              0      -0.100993              1.29504e-26              4.35253e-08              9.20966e-21              8.12059e-21              7.81582e-24              0.000715019                 0.209796              0.000232195              5.62544e-17              6.03483e-21              2.94246e-09              2.69262e-29              4.20258e-27              3.55048e-39              4.40478e-18              3.50667e-39              3.28712e-06                 0.709536              0.000667343                0.0790506                        1
      1100              0      0.0732486              5.48262e-25              1.38784e-07               6.1854e-20              9.72056e-20              1.74189e-22              0.000448868                  0.21025              9.62915e-05              5.49003e-16              1.14646e-19              9.47836e-09              2.09573e-27              1.74434e-25              8.96527e-37               4.5877e-17              9.47043e-37              6.50294e-06                 0.709878              0.000329824                0.0789906                        1
      1150              0       0.243346               1.6753e-23              4.00571e-07              3.52427e-19              9.38729e-19              2.96034e-21              0.000292953                 0.210436              4.31197e-05              4.39059e-15              1.68388e-18              2.75408e-08              1.11295e-25              5.22387e-24              1.39684e-34               3.8916e-16              1.56816e-34               1.2117e-05                 0.710084               0.00017312                0.0789589                        1
      1200              0       0.412324              3.84836e-22              1.05962e-06              1.73982e-18              7.51147e-18              3.96904e-20              0.000197896                 0.210517              2.06759e-05              2.94971e-14              1.97484e-17              7.31309e-08              4.23019e-24              1.17583e-22              1.42642e-32              2.75869e-15              1.69236e-32              2.14248e-05                 0.710208              9.58541e-05                0.0789389                        1
      1250              0       0.581445              6.87691e-21               2.5958e-06              7.57201e-18              5.09334e-17              4.31952e-19              0.000137842                 0.210554              1.05335e-05              1.69987e-13              1.90011e-16               1.7941e-07              1.19796e-22              2.05864e-21              1.00435e-30              1.66995e-14              1.25309e-30              3.61752e-05                 0.710281              5.56464e-05                0.0789227                        1
      1300              0       0.751296              9.84054e-20              5.94111e-06              2.94791e-17              2.98289e-16              3.90899e-18               9.8676e-05                 0.210571              5.66276e-06              8.55293e-13              1.53461e-15              4.10407e-07               2.6151e-21               2.8861e-20               5.0899e-29              8.79141e-14              6.64851e-29              5.86404e-05                  0.71032              3.36921e-05                0.0789061                        1
      1350              0       0.922201              1.15575e-18              1.27997e-05               1.0394e-16              1.53346e-15              3.00258e-17              7.23918e-05                 0.210579              3.19335e-06              3.81436e-12              1.06086e-14              8.82286e-07              4.52981e-20                3.321e-19              1.92573e-27              4.08813e-13              2.62304e-27              9.16742e-05                 0.710333              2.11787e-05                0.0788861                        1
      1400              0        1.09439              1.13792e-17               2.6125e-05              3.35433e-16              7.01699e-15              1.99237e-16              5.42928e-05                 0.210582              1.87933e-06              1.52739e-11              6.38281e-14              1.79449e-06              6.38265e-19              3.20374e-18              5.61254e-26              1.70171e-12              7.94342e-26              0.000138756                 0.710321              1.37668e-05                0.0788599                        1
      1450              0         1.2681              9.56496e-17              5.07983e-05              9.99871e-16              2.89252e-14              1.15952e-15              4.15363e-05                 0.210582              1.14913e-06               5.5531e-11              3.39089e-13               3.4731e-06              7.47389e-18               2.6388e-17              1.29462e-24               6.4139e-12              1.89766e-24              0.000204013                 0.710283              9.22224e-06                0.0788249                        1
      1500              0        1.44359              6.97332e-16                9.455e-05              2.77476e-15              1.08533e-13              5.99687e-15              3.23534e-05                 0.210578              7.27218e-07              1.85085e-10              1.61056e-12              6.42839e-06              7.40924e-17              1.88534e-16              2.41942e-23              2.21081e-11              3.66219e-23              0.000292228                 0.710211              6.34766e-06                0.0787781                        1
      1550              0        1.62122              4.47055e-15              0.000169166              7.21829e-15              3.74053e-13              2.78791e-14              2.56143e-05                 0.210571              4.74711e-07              5.70299e-10              6.91373e-12              1.14282e-05              6.31972e-16              1.18464e-15              3.73882e-22              7.02951e-11              5.82837e-22              0.000408821                 0.710093              4.47739e-06                0.0787161                        1
      1600              0         1.8015              2.55082e-14              0.000292004              1.77086e-14              1.19352e-12              1.17675e-13              2.05806e-05                 0.210558              3.18697e-07              1.63653e-09              2.70797e-11              1.95877e-05              4.70391e-15              6.62574e-15              4.86364e-21              2.07742e-10              7.78916e-21              0.000559803                 0.709911              3.22899e-06                0.0786353                        1
      1650              0        1.98511              1.30916e-13              0.000487849              4.11876e-14              3.55036e-12               4.5494e-13              1.67592e-05                 0.210538              2.19471e-07              4.40185e-09              9.75853e-11              3.24753e-05               3.0935e-14               3.3337e-14               5.4101e-20              5.74409e-10              8.88123e-20              0.000751716                  0.70964                2.376e-06                0.0785312                        1
      1700              0        2.17298              6.10048e-13              0.000791094               9.1244e-14              9.90638e-12              1.62349e-12              1.38143e-05                 0.210506              1.54676e-07               1.1161e-08              3.25929e-10              5.22332e-05              1.81732e-13              1.52304e-13              5.21766e-19              1.49468e-09              8.76161e-19              0.000991537                 0.709245              1.78059e-06                 0.078399                        1
      1750              0        2.36633              2.60245e-12               0.00124825              1.93324e-13              2.60684e-11              5.38446e-12              1.15127e-05                 0.210457              1.11332e-07              2.68113e-08              1.01549e-09              8.17079e-05              9.62981e-13              6.37053e-13               4.4167e-18              3.67901e-09              7.57212e-18               0.00128656                  0.70868              1.35675e-06                0.0782333                        1
      1800              0        2.56676              1.02388e-11                0.0019207              3.93186e-13              6.50068e-11               1.6698e-11              9.69016e-06                 0.210387               8.1689e-08              6.12927e-08              2.96848e-09              0.000124587              4.64254e-12              2.45751e-12              3.31743e-17              8.60481e-09              5.79653e-17               0.00164425                 0.707885              1.04954e-06                0.0780277                        1
      1850              0        2.77632              3.73946e-11               0.00288769              7.70103e-13              1.54279e-10              4.86811e-11              8.22878e-06                 0.210285               6.0999e-08              1.33876e-07              8.18323e-09              0.000185535              2.05204e-11              8.80028e-12              2.23258e-16              1.92009e-08              3.96928e-16               0.00207204                 0.706785              8.23089e-07                0.0777755                        1
      1900              0        2.99757              1.27531e-10               0.00424939              1.45678e-12              3.49798e-10              1.34065e-10              7.04289e-06                 0.210141              4.62842e-08              2.80375e-07              2.13707e-08              0.000270307              8.37331e-11              2.94241e-11              1.35796e-15              4.10215e-08              2.45288e-15               0.00257714                 0.705285              6.53554e-07                 0.077469                        1
      1950              0        3.23366              4.08282e-10               0.00612984              2.66841e-12              7.60282e-10              3.50262e-10              6.06932e-06                 0.209943              3.56357e-08              5.64796e-07              5.30863e-08              0.000385848              3.17375e-10              9.23345e-11              7.52367e-15              8.41732e-08              1.37878e-14               0.00316623                 0.703268              5.24763e-07                   0.0771                        1
      2000              0        3.48842              1.23282e-09                0.0086797              4.74379e-12              1.58895e-09              8.71476e-10              5.26092e-06                 0.209674              2.78042e-08              1.09747e-06              1.25889e-07              0.000540328              1.12363e-09               2.7321e-10              3.82368e-14              1.66346e-07              7.09996e-14               0.00384518                 0.700594              4.25575e-07                0.0766595                        1
      2050              0        3.76639              3.52613e-09                0.0120784               8.2017e-12                3.202e-09              2.07201e-09              4.58208e-06                 0.209316              2.19573e-08              2.06227e-06               2.8592e-07              0.000743114              3.73451e-09              7.65427e-10              1.79387e-13              3.17383e-07              3.37094e-13               0.00461864                 0.697098               3.4819e-07                0.0761381                        1
      2100              0        4.07291              9.59035e-09                0.0165353              1.38161e-11              6.23711e-09              4.72204e-09              4.00562e-06                 0.208847              1.75302e-08               3.7562e-06              6.23744e-07               0.00100463              1.17049e-08                2.038e-09              7.81352e-13              5.85889e-07              1.48424e-12               0.00548966                 0.692589               2.8707e-07                0.0755257                        1
      2150              0        4.41413              2.48907e-08                0.0222899              2.27133e-11              1.17697e-08              1.03434e-08              3.51066e-06                  0.20824              1.41338e-08              6.64505e-06              1.31039e-06               0.00133611               3.4739e-08              5.17422e-09              3.17617e-12              1.04837e-06              6.09254e-12               0.00645919                 0.686849              2.38228e-07                0.0748122                        1
      2200              0        4.79701              6.18431e-08                0.0296099              3.64943e-11                2.156e-08              2.18297e-08                3.081e-06                 0.207469              1.14956e-08              1.14394e-05              2.65722e-06               0.00174913              9.79949e-08               1.2564e-08              1.21063e-11              1.82127e-06              2.34271e-11               0.00752556                  0.67964              1.98761e-07                0.0739875                        1
      2250              0        5.22934              1.47524e-07                0.0387869              5.73832e-11              3.84083e-08              4.44875e-08              2.70407e-06                 0.206501              9.42248e-09              1.91954e-05              5.21172e-06               0.00225496              2.63638e-07               2.9256e-08              4.34546e-11              3.07603e-06              8.47539e-11               0.00868398                   0.6707               1.6653e-07                0.0730418                        1
      2300              0        5.71964              3.38772e-07                0.0501299              8.84023e-11              6.66522e-08              8.77149e-08               2.3701e-06                 0.205305              7.77546e-09              3.14444e-05              9.90497e-06                0.0028637               6.7855e-07              6.54857e-08              1.47463e-10              5.05661e-06              2.89635e-10                 0.009926                 0.659759              1.39944e-07                0.0719663                        1
      2350              0        6.27708              7.50721e-07                0.0639542              1.33571e-10              1.12843e-07              1.67611e-07              2.07154e-06                 0.203846              6.45357e-09              5.03552e-05              1.82704e-05               0.00358317              1.67557e-06              1.41205e-07                4.748e-10              8.09821e-06              9.38372e-10                 0.011239                 0.646542              1.17809e-07                0.0707535                        1
      2400              0        6.91134              1.60896e-06                0.0805674              1.98123e-10              1.86639e-07              3.10875e-07              1.80264e-06                 0.202092              5.38253e-09              7.89317e-05              3.27553e-05               0.00441751              3.97997e-06              2.93867e-07              1.45529e-09              1.26446e-05               2.8919e-09                0.0126061                 0.630787              9.92238e-08                0.0693981                        1
      2450              0        7.63238              3.34194e-06                 0.100251               2.8873e-10              3.01959e-07              5.60409e-07              1.55914e-06                 0.200011              4.50715e-09              0.000121247              5.71478e-05               0.00536571              9.11545e-06              5.91266e-07                4.259e-09                1.926e-05              8.50372e-09                0.0140054                 0.612257              8.35033e-08                0.0678972                        1
      2500              0         8.4502               6.7399e-06                 0.123236               4.1373e-10              4.78431e-07              9.83032e-07              1.33794e-06                 0.197577              3.78606e-09              0.000182711              9.71349e-05               0.00642001               2.0175e-05              1.15184e-06              1.19342e-08              2.86298e-05              2.39263e-08                0.0154107                 0.590766              7.01239e-08                0.0662515                        1
      2550              0        9.37448               1.3221e-05                 0.149679              5.83331e-10              7.43171e-07              1.67965e-06              1.13696e-06                  0.19477              3.18797e-09              0.000270377              0.000160997               0.00756442              4.32381e-05              2.17548e-06              3.21012e-08              4.15432e-05              6.45827e-08                0.0167916                 0.566195              5.86845e-08                0.0644652                        1
      2600              0        10.4142              2.52657e-05                  0.17963              8.09794e-10              1.13292e-06              2.79794e-06              9.54877e-07                  0.19158                2.689e-09              0.000393271              0.000260425               0.00877361              8.98986e-05              3.98814e-06              8.30832e-08              5.88511e-05              1.67637e-07                0.0181142                 0.538519              4.88759e-08                0.0625467                        1
      2650              0        11.5771              4.71077e-05                 0.213004              1.10758e-09              1.69654e-06              4.54734e-06               7.9095e-07                 0.188008              2.27076e-09              0.000562748              0.000411405                0.0100124              0.000181646              7.10355e-06              2.07358e-07              8.13911e-05              4.19376e-07                0.0193424                 0.507826               4.0458e-08                0.0605087                        1
      2700              0        12.8693              8.58114e-05                 0.249553              1.49344e-09              2.49794e-06              7.21533e-06              6.44799e-07                 0.184065              1.91894e-09              0.000792872               0.00063509                0.0112362              0.000357258              1.23042e-05              5.00055e-07               0.00010988              1.01323e-06                0.0204393                 0.474334              3.32421e-08                0.0583673                        1
      2750              0        14.2941              0.000152912                 0.288836              1.98651e-09              3.61933e-06              1.11834e-05              5.16209e-07                 0.179777              1.62226e-09               0.00110079              0.000958503                0.0123924              0.000684962              2.07415e-05              1.16741e-06              0.000144772               2.3687e-06                0.0213686                 0.438403              2.70769e-08                0.0561411                        1
      2800              0        15.8517              0.000266868                 0.330209              2.60829e-09              5.16485e-06              1.69396e-05              4.04928e-07                 0.175177              1.37168e-09               0.00150712               0.00141488                0.0134231               0.00128198              3.40499e-05              2.64294e-06                0.0001861              5.36758e-06                0.0220965                 0.400524              2.18372e-08                0.0538492                        1
      2850              0        17.5371              0.000456652                 0.372806              3.38251e-09              7.26423e-06              2.50846e-05              3.10504e-07                 0.170301              1.15978e-09               0.00203621               0.00204339                0.0142686               0.00234521              5.44653e-05              5.81187e-06              0.000233304              1.18094e-05                0.0225922                 0.361305              1.74152e-08                0.0515082                        1
      2900              0        19.3384              0.000766922                 0.415539               4.3347e-09              1.00762e-05              3.63234e-05              2.32164e-07                 0.165177              9.80326e-10               0.00271633               0.00288784                0.0148717               0.00419846              8.49249e-05              1.24326e-05              0.000285085              2.52653e-05                0.0228288                 0.321432              1.37147e-08                0.0491278                        1
      2950              0        21.2327               0.00126535                 0.457087              5.49101e-09              1.37903e-05              5.14377e-05              1.68766e-07                 0.159808              8.27934e-10               0.00357929               0.00399401                0.0151813               0.00736357              0.000129112              2.59081e-05              0.000339273              5.26363e-05                0.0227817                 0.281621              1.06465e-08                0.0467059                        1
      3000       0.141098        23.1804                0.0020528                 0.495871              6.87547e-09              1.86246e-05               7.1222e-05              1.18824e-07                 0.154153              6.97801e-10               0.00465923               0.00540461                 0.015155                0.0126657              0.000191385               5.2663e-05              0.000392734              0.000106928                0.0224261                 0.242556              8.12658e-09                 0.044222                        1
      3050        0.42153         25.117               0.00327734                 0.529988              8.50403e-09              2.48153e-05              9.63643e-05              8.06009e-08                 0.148097              5.85546e-10               0.00598957                0.0071508                0.0147598                0.0213863              0.000276471              0.000104545              0.000441279              0.000212071                0.0217336                 0.204831              6.07607e-09                0.0416304                        1
      3100       0.871857        26.9454               0.00515316                 0.557077               1.0373e-08              3.25882e-05              0.000127229              5.22419e-08                 0.141414               4.8711e-10               0.00759644               0.00923773                0.0139709                0.0354814              0.000388728              0.000202919               0.00047956              0.000411114                0.0206661                 0.168909              4.42218e-09                0.0388522                        1
      3150        1.61097        28.5362                0.0079858                 0.574072               1.2437e-08              4.20956e-05              0.000163469               3.1924e-08                 0.133724               3.9874e-10               0.00948568                0.0116197                  0.01277                 0.057889                0.0005306              0.000385507              0.000500948              0.000779842                0.0191719                 0.135112              3.10035e-09                0.0357676                        1
      3200        2.85421        29.7477                0.0122054                  0.57682              1.45701e-08              5.32865e-05              0.000203348              1.79763e-08                 0.124436              3.17091e-10                0.0116178                0.0141582                0.0111463                0.0929537              0.000699577              0.000717575              0.000497511               0.00144897                0.0171833                  0.10365              2.05681e-09                0.0322093                        1
      3250        5.02541          30.47                  0.01841                 0.559488              1.64983e-08              6.56441e-05              0.000242546              8.95376e-09                 0.112683              2.39525e-10                0.0138596                0.0165497               0.00910466                 0.147007               0.00088246                0.0013099              0.000460449               0.00263958                0.0146221                0.0747167              1.25091e-09                0.0279581                        1
      3300        9.07932        30.6756                0.0274211                 0.513737              1.76878e-08              7.76416e-05              0.000272117              3.64555e-09                0.0972394              1.64784e-10                0.0158877                0.0182046               0.00669195                 0.229148               0.00104484               0.00234708              0.000381924               0.00471873                0.0114239                0.0486543              6.56494e-10                0.0227491                        1
      3350        17.7064        30.4346                0.0403543                 0.427568              1.71648e-08              8.55141e-05              0.000275021               1.0188e-09                 0.076426              9.43003e-11                0.0169731                0.0180476                0.0040565                 0.352281               0.00111219               0.00413142              0.000260266               0.00828514               0.00760605                0.0262275              2.60364e-10                0.0163109                        1
      3400        42.5741         29.878                0.0587084                 0.283792              1.32399e-08              7.98632e-05              0.000220375              1.17042e-10                 0.048028              3.45912e-11                0.0153872                0.0141915               0.00156972                 0.534472              0.000936823               0.00714976              0.000112808                0.0142989               0.00345623               0.00905763              5.30107e-11               0.00853845                        1
      3450        325.396         29.129                0.0844761                0.0585366              3.15186e-09              2.90078e-05                5.457e-05              1.27355e-13               0.00936792              1.22547e-12               0.00542924               0.00344994              5.88703e-05                 0.800719              0.000243411                0.0121738              4.72219e-06                0.0242751              0.000191499              0.000304201              3.26469e-13              0.000686071                        1
      3500            400        29.5093                  0.10541                0.0480351              3.54218e-09              2.94238e-05              4.68606e-05               3.0875e-14               0.00760074              8.59265e-13               0.00469166               0.00254985              2.69296e-05                 0.797727               0.00016815                0.0120379              1.84554e-06                0.0209709              0.000104184              0.000162784              1.52361e-13              0.000435998                        0
