   "Tw[K]"          "B'c"    "hw[MJ/kg]"                      "C"                      "H"                      "O"                      "N"                     "CH"                    "CH4"                     "CO"                    "CO2"                     "CN"                    "C2H"         "C2H2,acetylene"                     "C3"                    "C3H"                     "C4"         "C4H2,butadiyne"                     "C5"                    "HCN"                     "H2"                    "H2O"                     "N2"                  "C(gr)"
       300              0       -2.72249             1.52208e-115              5.95397e-37              7.49458e-76              3.87565e-79              9.7982e-100                 0.229954               1.3076e-11               0.00117042              6.10079e-71              5.00625e-93                4.316e-41             1.88012e-133             5.88121e-118             6.46765e-171              9.88861e-78              1.5219e-172              4.83065e-24              0.000198434                 0.190497                  0.57818                        1
       350              0       -2.64782              1.03726e-97              4.67885e-31              1.42182e-64              2.23413e-67              2.09966e-84                 0.230551              2.79498e-09               0.00270302              5.01312e-60              1.81062e-78              1.76984e-34             1.49905e-112              1.18843e-99             1.53128e-144              1.35733e-65             7.44496e-146              2.89721e-20               0.00172056                 0.187285                  0.57774                        1
       400              0       -2.56402              2.51717e-84              1.26858e-26              4.06711e-56              1.49564e-58              6.76694e-73                 0.228281              1.54589e-07               0.00486292              7.75641e-52              1.54873e-67              1.64925e-29              7.30075e-97              6.62625e-86             9.68671e-125              1.80517e-56             8.18523e-126              1.99092e-17               0.00893046                  0.18227                 0.575656                        1
       450              0       -2.45924              6.57743e-74              3.60077e-23              1.54153e-49              1.10105e-51              6.07942e-64                 0.216661              3.49355e-06               0.00755654              1.81782e-45              4.98312e-59              1.20669e-25              1.17661e-84                 3.31e-75             2.51076e-109              2.28926e-49             3.27869e-110              3.18374e-15                0.0322272                 0.174633                 0.568919                        1
       500              0       -2.31048              1.43274e-65              2.06451e-20              2.87719e-44               3.4266e-46              8.70646e-57                 0.186514              4.28226e-05                0.0109673              2.25102e-40              3.14775e-52               1.4321e-22              6.90204e-75              1.18706e-66              5.47748e-97              1.07257e-43              1.01661e-97              1.79124e-13                0.0868654                 0.162499                 0.553111                        1
       550              0       -2.08998              9.57677e-59              3.59577e-18               6.1408e-40              1.06232e-41              5.97006e-51                 0.134729              0.000343491                0.0158388              3.26384e-36              1.10664e-46              4.28437e-20              6.78882e-67              1.13869e-59              6.89699e-87              4.30778e-39              1.71003e-87              4.56491e-12                 0.179261                 0.143517                 0.526311                        1
       600              0       -1.79304              4.68549e-53              2.49186e-16              2.59905e-36              5.84764e-38               4.0729e-46                 0.076776               0.00202119                0.0232103              9.48274e-33              4.33035e-42               4.3156e-18              3.10323e-60                7.012e-54              1.81163e-78              2.58924e-35              5.72386e-79              6.26207e-11                 0.286627                 0.116581                 0.494784                        1
       650              0       -1.45088              3.06419e-48              8.43859e-15              3.03444e-33              8.58009e-35              4.67432e-42                0.0356055               0.00897396                0.0315785              8.05915e-30              3.10614e-38               1.8564e-16              1.33616e-54              5.18045e-49              2.41848e-71              3.55713e-32              9.38566e-72              5.34107e-10                 0.371612                0.0840269                 0.468203                        1
       700              0       -1.06924              4.11928e-44              1.65348e-13               1.1789e-30              4.46549e-32              1.34285e-38                0.0150023                0.0292342                0.0339898              2.61362e-27               5.9648e-35              4.22409e-15              8.98055e-50              7.34092e-45              3.10165e-65              1.58035e-29               1.4359e-65               3.1953e-09                  0.42178                0.0521527                 0.447841                        1
       750              0      -0.633617              1.56109e-40              2.12543e-12              1.71528e-28              1.01174e-29              1.29472e-35               0.00626474                0.0671483                0.0247581              3.91241e-25              4.05587e-32              5.96818e-14              1.36507e-45              2.82005e-41              6.09807e-60                2.939e-27              3.28915e-60              1.46022e-08                 0.444766                0.0268296                 0.430234                        1
       800              0      -0.237313              2.11375e-37              1.96248e-11              1.02582e-26              1.16877e-27              5.20219e-33               0.00272826                 0.106018                0.0109503              3.13201e-23              1.20036e-29              5.86403e-13               6.1982e-42              3.79454e-38              2.61035e-55              2.75763e-25                1.609e-55               5.4391e-08                 0.452439                0.0110873                 0.416777                        1
       850              0      0.0109105              1.22586e-34              1.39224e-10              3.02482e-25              7.78655e-26              1.02587e-30               0.00127744                 0.126067               0.00337809               1.5041e-21                1.807e-27              4.35144e-12              1.04021e-38              2.17124e-35               3.1821e-51              1.49982e-23              2.20584e-51              1.73574e-07                 0.455056               0.00399737                 0.410224                        1
       900              0       0.159485              3.50638e-32              7.95381e-10              5.54497e-24              3.27362e-24              1.12153e-28              0.000644294                 0.132671              0.000969787              4.71111e-20              1.55362e-25              2.57235e-11              7.61531e-36              6.11107e-33              1.36142e-47               5.2111e-22              1.04718e-47               4.8783e-07                 0.456311               0.00145159                 0.407951                        1
       950              0       0.273224              5.52974e-30              3.78812e-09               7.2796e-23              9.31536e-23              7.46527e-27              0.000347068                 0.134645              0.000299365              1.02701e-18              8.33951e-24              1.25732e-10              2.77216e-33              9.46795e-31              2.41119e-44              1.24285e-20              2.03462e-44              1.22971e-06                 0.456942              0.000567643                 0.407198                        1
      1000              0       0.376788               5.2566e-28              1.54583e-08              7.34553e-22               1.9002e-21              3.26017e-25              0.000198049                 0.135274              0.000102455              1.64365e-17              3.00026e-22              5.23163e-10              5.57202e-31              8.83275e-29              2.01751e-41              2.15388e-19              1.84956e-41               2.8241e-06                 0.457258               0.00024152                 0.406924                        1
      1050              0       0.477544               3.2376e-26              5.52564e-08              5.94796e-21              2.91274e-20              9.92235e-24              0.000118866                 0.135494              3.87402e-05              2.01776e-16              7.66136e-21              1.89693e-09              6.73154e-29              5.33526e-27              8.87619e-39              2.83965e-18              8.76666e-39              5.98728e-06                  0.45742              0.000111141                 0.406811                        1
      1100              0       0.577752              1.37065e-24              1.76163e-07              3.98866e-20              3.48772e-19              2.21104e-22              7.45767e-05                 0.135579              1.60164e-05              1.96981e-15              1.45524e-19              6.10865e-09              5.23934e-27              2.21414e-25              2.24132e-36               2.9567e-17              2.36761e-36              1.18467e-05                 0.457505              5.48294e-05                 0.406758                        1
      1150              0       0.678194              4.18825e-23              5.08409e-07              2.27121e-19              3.36869e-18               3.7573e-21              4.86537e-05                 0.135615              7.16329e-06              1.57559e-14               2.1372e-18              1.77462e-08              2.78237e-25              6.63021e-24               3.4921e-34              2.50759e-16              3.92039e-34              2.20755e-05                  0.45755              2.87557e-05                 0.406728                        1
      1200              0       0.779172              9.62089e-22              1.34479e-06              1.12092e-18              2.69581e-17              5.03723e-20              3.28581e-05                 0.135631              3.43296e-06              1.05863e-13              2.50633e-17              4.71165e-08              1.05755e-23              1.49228e-22              3.56604e-32              1.77736e-15              4.23091e-32              3.90344e-05                  0.45757              1.59153e-05                 0.406706                        1
      1250              0       0.880824              1.71923e-20              3.29425e-06              4.87787e-18               1.8281e-16              5.48177e-19              2.28826e-05                 0.135638              1.74853e-06              6.10118e-13              2.41138e-16              1.15578e-07               2.9949e-22              2.61256e-21              2.51089e-30               1.0758e-14              3.13271e-30              6.59104e-05                 0.457574              9.23734e-06                 0.406685                        1
      1300              0       0.983237              2.46013e-19              7.53938e-06              1.89893e-17               1.0707e-15              4.96058e-18              1.63781e-05                 0.135642              9.39889e-07              3.07004e-12              1.94745e-15              2.64369e-07              6.53775e-21              3.66251e-20              1.27247e-28               5.6631e-14              1.66213e-28              0.000106845                 0.457562              5.59215e-06                 0.406659                        1
      1350              0        1.08649              2.88938e-18              1.62424e-05               6.6952e-17              5.50478e-15              3.81018e-17              1.20135e-05                 0.135643              5.29994e-07              1.36927e-11              1.34619e-14              5.68289e-07              1.13245e-19              4.21424e-19              4.81432e-27              2.63321e-13               6.5576e-27              0.000167041                 0.457533              3.51481e-06                 0.406624                        1
      1400              0        1.19068              2.84481e-17              3.31502e-05              2.16063e-16              2.51921e-14              2.52813e-16              9.00825e-06                 0.135643              3.11899e-07              5.48356e-11              8.09919e-14              1.15574e-06              1.59566e-18              4.06525e-18              1.40313e-25              1.09598e-12              1.98585e-25              0.000252844                 0.457482              2.28448e-06                 0.406576                        1
      1450              0        1.29595              2.39124e-16              6.44543e-05              6.44044e-16               1.0386e-13              1.47123e-15              6.89004e-06                 0.135641              1.90709e-07              1.99393e-10              4.30246e-13              2.23658e-06              1.86847e-17              3.34819e-17              3.23654e-24              4.13037e-12              4.74415e-24              0.000371787                 0.457402              1.53015e-06                 0.406509                        1
      1500              0         1.4025              1.74333e-15              0.000119958              1.78728e-15              3.89775e-13              7.60839e-15              5.36504e-06                 0.135638              1.20687e-07              6.64697e-10              2.04336e-12              4.13903e-06              1.85231e-16              2.39198e-16              6.04856e-23              1.42347e-11              9.15547e-23              0.000532604                 0.457282              1.05302e-06                 0.406417                        1
      1550              0         1.5106              1.11764e-14              0.000214602               4.6494e-15              1.34366e-12              3.53671e-14              4.24565e-06                 0.135632              7.87799e-08              2.04861e-09              8.77067e-12              7.35662e-06              1.57993e-15              1.50282e-15              9.34705e-22              4.52508e-11              1.45709e-21              0.000745195                 0.457105              7.42591e-07                 0.406291                        1
      1600              0        1.62065              6.37704e-14              0.000370377              1.14062e-14              4.28865e-12              1.49259e-13              3.40924e-06                 0.135621              5.28871e-08              5.88048e-09              3.43477e-11              1.26053e-05              1.17598e-14              8.40407e-15              1.21591e-20              1.33688e-10              1.94729e-20               0.00102056                  0.45685              5.35368e-07                 0.406121                        1
      1650              0        1.73318              3.27291e-13              0.000618658              2.65284e-14              1.27623e-11              5.76925e-13              2.77393e-06                 0.135605              3.64189e-08              1.58231e-08              1.23751e-10              2.08903e-05              7.73375e-14              4.22757e-14              1.35252e-19              3.69498e-10              2.22031e-19               0.00137067                 0.456487              3.93769e-07                 0.405895                        1
      1700              0        1.84891              1.52512e-12               0.00100293              5.87668e-14              3.56269e-11              2.05823e-12              2.28392e-06                 0.135579              2.56649e-08              4.01391e-08              4.13205e-10              3.35809e-05               4.5433e-13              1.93088e-13              1.30442e-18              9.60934e-10               2.1904e-18               0.00180832                 0.455976              2.94916e-07                 0.405598                        1
      1750              0        1.96878              6.50614e-12                0.0015819              1.24505e-13              9.38057e-11               6.8237e-12              1.90051e-06                 0.135539              1.84707e-08              9.64788e-08              1.28692e-09              5.24904e-05              2.40745e-12              8.07334e-13              1.10418e-17              2.36345e-09              1.89303e-17               0.00234684                 0.455267              2.24532e-07                  0.40521                        1
      1800              0        2.09402              2.55969e-11               0.00243285              2.53198e-13              2.34087e-10              2.11505e-11              1.59638e-06                 0.135482              1.35503e-08              2.20712e-07              3.76003e-09              7.99553e-05              1.16063e-11               3.1128e-12              8.29358e-17              5.52223e-09              1.44913e-16               0.00299987                 0.454293              1.73497e-07                 0.404711                        1
      1850              0        2.22616              9.34864e-11               0.00365522              4.95856e-13              5.56012e-10              6.16202e-11              1.35196e-06                 0.135399              1.01157e-08              4.82483e-07              1.03583e-08              0.000118908               5.1301e-11              1.11393e-11              5.58145e-16              1.23057e-08               9.9232e-16               0.00378093                 0.452973              1.35862e-07                 0.404071                        1
      1900              0        2.36714              3.18828e-10               0.00537405              9.37828e-13              1.26187e-09              1.69547e-10                1.153e-06                 0.135282              7.67276e-09              1.01144e-06              2.70268e-08              0.000172929              2.09333e-10              3.72115e-11               3.3949e-15              2.62434e-08               6.1322e-15               0.00470297                 0.451205              1.07666e-07                  0.40326                        1
      1950              0         2.5193               1.0207e-09               0.00774316              1.71742e-12              2.74575e-09              4.42448e-10                 9.89e-07                 0.135121              5.90459e-09              2.03975e-06              6.70582e-08              0.000246272              7.93437e-10              1.16636e-10              1.88092e-14              5.37244e-08              3.44694e-14               0.00577774                 0.448868               8.6227e-08                  0.40224                        1
      2000              0        2.68546              3.08206e-09                0.0109476              3.05214e-12              5.74584e-09              1.09918e-09              8.52119e-07                 0.134904              4.60393e-09              3.96856e-06              1.58783e-07              0.000343832              2.80909e-09              3.44597e-10              9.55919e-14              1.05853e-07              1.77499e-13               0.00701509                 0.445816              6.96954e-08                 0.400969                        1
      2050              0        2.86894              8.81532e-09                0.0152049              5.27465e-12              1.15956e-08              2.60836e-09              7.36455e-07                 0.134615              3.63261e-09               7.4682e-06              3.59932e-07               0.00047105              9.33628e-09              9.63562e-10              4.48468e-13              2.01185e-07              8.42736e-13               0.00842212                 0.441882              5.67777e-08                 0.399397                        1
      2100              0         3.0736              2.39759e-08                0.0207646              8.88036e-12              2.26235e-08              5.92981e-09               6.3752e-07                 0.134237              2.89694e-09              1.36246e-05              7.83281e-07              0.000633709              2.92623e-08              2.55926e-09              1.95338e-12              3.69571e-07              3.71059e-12                0.0100021                 0.436875              4.65559e-08                 0.397472                        1
      2150              0        3.30381              6.22267e-08                0.0279048              1.45887e-11              4.27685e-08              1.29489e-08              5.51887e-07                 0.133752              2.33234e-09              2.41466e-05              1.64048e-06              0.000837615              8.68474e-08              6.47762e-09              7.94042e-12              6.57226e-07              1.52314e-11                0.0117534                 0.430588              3.83698e-08                 0.395136                        1
      2200              0        3.56444              1.54608e-07                0.0369262              2.34195e-11              7.84994e-08              2.72236e-08               4.7694e-07                 0.133139              1.89364e-09              4.16506e-05              3.31379e-06               0.00108812              2.44987e-07              1.56685e-08              3.02657e-11                1.133e-06              5.85679e-11                0.0136683                   0.4228              3.17395e-08                 0.392332                        1
      2250              0        3.86078              3.68811e-07                 0.048141               3.6785e-11              1.40147e-07              5.52164e-08              4.10693e-07                 0.132376              1.54881e-09              7.00416e-05               6.4686e-06                0.0013895              6.59095e-07              3.63116e-08              1.08636e-10              1.89544e-06              2.11885e-10                0.0157314                 0.413283              2.63123e-08                 0.388999                        1
      2300              0        4.19842              8.46929e-07                0.0618573              5.65977e-11              2.43779e-07              1.08235e-07               3.5166e-07                 0.131442              1.27484e-09              0.000115007              1.22221e-05               0.00174412              1.69638e-06              8.08055e-08              3.68657e-10              3.07969e-06              7.24087e-10                0.0179189                 0.401822              2.18271e-08                 0.385082                        1
      2350              0        4.58312               1.8768e-06                0.0783576              8.53908e-11              4.13777e-07              2.05359e-07              2.98759e-07                 0.130317              1.05501e-09              0.000184645              2.23851e-05               0.00215155              4.18892e-06              1.73006e-07                1.187e-09              4.86265e-06              2.34593e-09                0.0201974                 0.388223              1.80893e-08                 0.380535                        1
      2400              0        5.02053              4.02241e-06                0.0978716              1.26451e-10              6.86277e-07              3.77645e-07              2.51235e-07                 0.128984              8.77046e-10              0.000290235              3.97905e-05               0.00260755              9.94993e-06              3.56983e-07              3.63821e-09               7.4638e-06              7.22975e-09                0.0225235                 0.372338              1.49527e-08                 0.375322                        1
      2450              0        5.51594              8.35484e-06                 0.120544              1.83957e-10              1.11367e-06              6.73851e-07              2.08593e-07                 0.127431              7.31828e-10              0.000447175              6.87162e-05               0.00310317              2.27886e-05              7.10954e-07              1.06475e-08              1.11387e-05              2.12593e-08                 0.024844                 0.354089              1.23074e-08                 0.369428                        1
      2500              0        6.07389              1.68498e-05                   0.1464              2.63123e-10              1.77035e-06              1.16781e-06               1.7054e-07                 0.125654              6.12534e-10               0.00067609              0.000115393                0.0036241              5.04374e-05              1.36835e-06              2.98356e-08              1.61615e-05              5.98159e-08                0.0270972                 0.333488              1.00701e-08                 0.362857                        1
      2550              0        6.69785              3.30526e-05                 0.175305              3.70348e-10              2.75997e-06              1.96721e-06              1.36918e-07                 0.123656                 5.14e-10               0.00100412              0.000188561               0.00415052              0.000108095              2.54794e-06               8.0253e-08              2.27944e-05              1.61457e-07                0.0292146                 0.310666              8.17721e-09                 0.355644                        1
      2600              0         7.3899              6.31642e-05                 0.206939              5.13366e-10              4.22434e-06               3.2233e-06              1.07642e-07                 0.121452              4.32271e-10                0.0014664              0.000300017               0.00465763              0.000224747              4.59445e-06              2.07708e-07              3.12421e-05              4.19093e-07                0.0311246                 0.285882              6.57952e-09                 0.347847                        1
      2650              0         8.1506              0.000117769                  0.24077              7.01416e-10               6.3544e-06              5.14009e-06              8.26385e-08                 0.119063               3.6428e-10               0.00210778              0.000465032               0.00511712              0.000454115              8.02951e-06              5.18394e-07              4.15971e-05              1.04844e-06                0.0327564                 0.259538              5.23785e-09                 0.339548                        1
      2700              0        8.97929              0.000214529                 0.276048              9.45412e-10              9.40323e-06              7.98139e-06              6.17866e-08                 0.116521              3.07601e-10               0.00298469              0.000702519               0.00549953              0.000893144              1.36106e-05              1.25014e-06              5.37802e-05              2.53307e-06                0.0340443                 0.232161               4.1199e-09                 0.330842                        1
      2750              0        9.87506              0.000382281                 0.311819               1.2581e-09              1.37013e-05              1.20732e-05              4.48754e-08                 0.113857              2.60272e-10               0.00416715               0.00103477                0.0057772                0.0017124              2.23919e-05              2.91851e-06               6.7491e-05              5.92174e-06                0.0349318                 0.204378              3.19774e-09                 0.321816                        1
      2800    0.000417023        10.8387               0.00066717                 0.346949               1.6541e-09              1.96732e-05              1.77984e-05               3.1584e-08                 0.111092               2.2066e-10               0.00574069               0.00148661               0.00592743               0.00320495              3.57761e-05              6.60735e-06              8.21789e-05              1.34189e-05                0.0353735                 0.176865              2.44612e-09                 0.312517                        1
      2850      0.0184468        11.8759               0.00114163                 0.380162              2.14962e-09              2.78535e-05              2.55795e-05              2.14878e-08                 0.108228              1.87362e-10               0.00780754               0.00208371               0.00593489               0.00586303              5.55401e-05              1.45297e-05               9.7041e-05              2.95235e-05                0.0353343                 0.150282              1.84139e-09                 0.302913                        1
      2900       0.046472        13.0012               0.00191731                 0.410052              2.76137e-09              3.88968e-05              3.58438e-05              1.40891e-08                 0.105224              1.59133e-10                0.0104858               0.00284971               0.00579262                0.0104961              8.38035e-05              3.10815e-05              0.000111043              6.31632e-05                0.0347847                   0.1252              1.36122e-09                 0.292834                        1
      2950      0.0917522         14.242               0.00316337                 0.435053              3.50374e-09              5.35689e-05               4.8958e-05              8.86411e-09                 0.101971              1.34838e-10                0.0139039               0.00380147               0.00550116                0.0184089              0.000122888              6.47703e-05               0.00012294              0.000131591                0.0336921                 0.102049              9.84668e-10                 0.281911                        1
      3000       0.166679        15.6398               0.00513199                 0.453315              4.38282e-09              7.26963e-05              6.51096e-05              5.31139e-09                0.0982661              1.13421e-10                0.0181861               0.00494077               0.00506615                0.0316643               0.00017496              0.000131657              0.000131286               0.00026732                0.0320089                0.0810837              6.92693e-10                 0.269494                        1
      3050       0.292952         17.244               0.00819335                 0.462467              5.38441e-09              9.70238e-05              8.40874e-05              2.99074e-09                0.0937692              9.38961e-11                0.0234182               0.00623978               0.00449541                0.0534657              0.000241248              0.000261361              0.000134401              0.000530178                0.0296594                0.0623857               4.6869e-10                 0.254558                        1
      3100       0.510656        19.0931                0.0128829                 0.459222              6.45147e-09              0.000126882               0.00010488              1.54394e-09                0.0879526                7.537e-11                0.0295767               0.00761506               0.00379752                0.0887036              0.000320446              0.000507297              0.000130352               0.00102778                0.0265317                0.0459123              2.99039e-10                 0.235588                        1
      3150       0.901004        21.1815                0.0199645                 0.438799              7.44361e-09               0.00016145              0.000124949              6.97417e-10                0.0800346              5.71332e-11                0.0363807               0.00888169               0.00298435                 0.144722              0.000405571              0.000963767              0.000117071                0.0019496                0.0224816                0.0315756              1.73459e-10                 0.210453                        1
      3200        1.65549        23.4242                0.0305136                 0.394138              8.06659e-09              0.000197109              0.000138946              2.50792e-10                0.0688929              3.88777e-11                0.0429746               0.00967426               0.00208165                 0.232384              0.000478018               0.00179394              9.29136e-05               0.00362242                0.0173726                0.0193573              8.50668e-11                 0.176287                        1
      3250        3.35908        25.6454                0.0460251                 0.314889              7.75492e-09              0.000223391              0.000136509               5.7498e-11                 0.052966              2.11683e-11                0.0471651               0.00931442               0.00115361                 0.367518              0.000496663               0.00327475              5.83412e-05               0.00659894                0.0112023               0.00946697              2.98001e-11                 0.129511                        1
      3300        9.06583         27.611                0.0685528                 0.186318              5.49254e-09              0.000210177              9.86893e-05              4.03645e-12                0.0301954              6.35583e-12                0.0430082               0.00660232               0.00035208                 0.572871              0.000378933                0.0058677               2.0094e-05                0.0117968                0.0044862               0.00255982               4.2902e-12                0.0666816                        1
      3350            200        28.9493                 0.099532                0.0127855              4.52689e-10              4.33315e-05              8.11356e-06              5.14341e-17               0.00198855              2.58839e-14               0.00848517              0.000525288              1.41222e-06                 0.845723              3.19366e-05               0.00978524              8.81928e-08                  0.01936               4.5481e-05              9.38082e-06              9.82397e-16               0.00167521                        0
      3400            200        29.4339                  0.12495                0.0126021              6.30738e-10               5.2609e-05              8.33105e-06              2.47962e-17               0.00194785              2.67332e-14               0.00862918              0.000456733              8.97341e-07                 0.824429              2.56677e-05               0.00938891              4.67376e-08                0.0159854              3.44282e-05              7.14429e-06              7.96769e-16               0.00148206                        0
      3450            200        30.0083                 0.155415                0.0123642              8.69027e-10              6.31942e-05              8.48224e-06              1.19389e-17               0.00190077               2.7423e-14               0.00870403              0.000394628              5.68944e-07                 0.797771              2.04897e-05               0.00892571              2.47147e-08                0.0130978              2.59385e-05              5.42869e-06              6.42544e-16               0.00130243                        0
      3500            200        30.6946                 0.191498                0.0120675              1.18414e-09              7.51195e-05              8.55475e-06              5.71959e-18               0.00184641              2.79119e-14               0.00870406              0.000338263              3.58996e-07                 0.765271              1.62097e-05               0.00839174              1.29916e-08                0.0106233              1.94229e-05              4.10951e-06              5.14332e-16               0.00113672                        0
