   "Tw[K]"          "B'c"    "hw[MJ/kg]"                      "C"                      "H"                      "O"                      "N"                     "CH"                    "CH4"                     "CO"                    "CO2"                     "CN"                    "C2H"         "C2H2,acetylene"                     "C3"                    "C3H"                     "C4"         "C4H2,butadiyne"                     "C5"                    "HCN"                     "H2"                    "H2O"                     "N2"                  "C(gr)"
       300              0       -7.71281             1.52208e-117               2.2861e-38              1.10447e-76                1.475e-80             3.76215e-101                 0.499803              1.92701e-12               0.00254189              2.32184e-72              1.92222e-94              6.36298e-42             1.88012e-135             2.25817e-119             6.46765e-173              1.45785e-78              1.5219e-174              7.05899e-25              2.92547e-05                 0.413881                0.0837446                        1
       350              0         -7.579              1.03726e-99              1.79816e-32              2.09302e-65              8.50543e-69              8.06934e-86                  0.50295               4.1144e-10                0.0058574              1.90851e-61              6.95851e-80              2.61404e-35             1.49905e-114             4.56735e-101             1.53128e-146              2.00477e-66             7.44496e-148              4.23894e-21              0.000254127                 0.407203                0.0837352                        1
       400              0       -7.42894              2.51717e-86               4.8966e-28              5.95808e-57              5.70272e-60              2.61197e-74                 0.506723              2.26464e-08                0.0104361              2.95744e-53              5.97793e-69              2.45718e-30              7.30075e-99              2.55766e-87             9.68671e-127              2.68948e-57             8.18523e-128              2.93012e-18               0.00133053                  0.39782                0.0836901                        1
       450              0       -7.26851              6.57743e-76              1.40993e-24              2.22492e-50              4.21918e-53              2.38049e-65                 0.509326              5.04231e-07                0.0157416              6.96579e-47              1.95121e-60              1.85013e-26              1.17661e-86              1.29608e-76             2.51076e-111              3.50996e-50             3.27869e-112              4.77705e-16               0.00494118                 0.386452                0.0835389                        1
       500              0       -7.10244              1.43274e-67              8.38625e-22              4.00694e-45              1.32854e-47              3.53665e-58                 0.507825              5.96372e-06                 0.021271              8.72755e-42              1.27865e-53              2.36306e-23              6.90204e-77              4.82197e-68              5.47748e-99              1.76981e-44              1.01661e-99              2.82109e-14                0.0143334                 0.373419                0.0831454                        1
       550              0        -6.9319              9.57677e-61              1.57679e-19              7.97266e-41              4.20082e-43              2.61795e-52                 0.498186              4.45957e-05                0.0266979              1.29065e-37              4.85276e-48              8.23856e-21              6.78882e-69               4.9933e-61              6.89699e-89              8.28359e-40              1.71003e-89              7.91581e-13                0.0344706                   0.3583                0.0823005                        1
       600              0       -6.75321              4.68549e-55              1.24328e-17              3.04505e-37              2.36232e-39              2.03212e-47                 0.475785              0.000236803                0.0318597              3.83083e-34              2.16058e-43              1.07432e-18              3.10323e-62              3.49855e-55              1.81163e-80              6.44561e-36              5.72386e-81              1.26218e-11                0.0713526                 0.340018                0.0807481                        1
       650              0       -6.55561              3.06419e-50              4.99406e-16              3.27036e-34              3.50778e-36              2.76632e-43                 0.436767              0.000967164                0.0366795               3.2948e-31              1.83825e-39              6.50186e-17              1.33616e-56              3.06585e-50              2.41848e-73              1.24585e-32              9.38566e-74              1.29227e-10                 0.130154                 0.317177                0.0782554                        1
       700              0       -6.31645              4.11928e-46              1.17316e-14              1.29552e-31              1.82401e-33              9.52766e-40                 0.380182               0.00321263                0.0410474              1.06758e-28              4.23208e-36              2.12642e-15              8.98055e-52              5.20846e-46              3.10165e-67              7.95557e-30               1.4359e-67              9.26039e-10                 0.212326                 0.288511                0.0747206                        1
       750              0       -5.99298              1.56109e-42              1.78256e-13              2.30243e-29              4.08881e-31              1.08585e-36                 0.309951               0.00901339                 0.044609              1.58115e-26              3.40159e-33              4.19794e-14              1.36507e-47              2.36513e-42              6.09807e-62              2.06726e-27              3.28915e-62               4.9493e-09                 0.312843                 0.253315                0.0702688                        1
       800              0       -5.51539              2.11375e-39              1.89039e-12              2.11192e-27              4.62463e-29               5.0111e-34                 0.234895                0.0218267                0.0464135              1.23929e-24              1.15627e-30              5.44114e-13               6.1982e-44              3.65516e-39              2.61035e-57              2.55876e-25                1.609e-57              2.07311e-08                 0.419811                 0.211801                0.0652531                        1
       850              0       -4.80143              1.22586e-36              1.48561e-11              1.10031e-25              2.98112e-27              1.09467e-31                 0.165613                0.0458583                0.0446998              5.75854e-23              1.92818e-28              4.95461e-12              1.04021e-40              2.31684e-36               3.1821e-53              1.70772e-23              2.20584e-53              7.09099e-08                 0.518134                 0.165565                0.0601298                        1
       900              0       -3.82539              3.50638e-34              9.08877e-11               3.4622e-24              1.20558e-25              1.28156e-29                 0.109851                0.0828379                0.0378077              1.73497e-21              1.77531e-26              3.35884e-11              7.61531e-38              6.98308e-34              1.36142e-49              6.80439e-22              1.04718e-49               2.0529e-07                 0.595828                 0.118347                 0.055328                        1
       950              0       -2.71317              5.52974e-32               4.5145e-10              6.86839e-23              3.30483e-24              8.89675e-28                0.0700098                 0.127039                0.0266499              3.64355e-20              9.93863e-25              1.78574e-10              2.77216e-35              1.12835e-31              2.41119e-46              1.76519e-20              2.03462e-46              5.19922e-07                 0.648983                0.0760667                0.0512512                        1
      1000              0       -1.70683               5.2566e-30              1.88768e-09              9.02293e-22              6.54228e-23              3.98114e-26                0.0440394                 0.166164                0.0154591                5.659e-19              3.66375e-23              7.80138e-10              5.57202e-33              1.07861e-29              2.01751e-43              3.21186e-19              1.84956e-43              1.18734e-06                 0.681861                0.0442396                0.0482359                        1
      1050              0      -0.959629               3.2376e-28              6.84405e-09              8.42922e-21              9.82857e-22              1.22898e-24                0.0279758                 0.192017               0.00778037              6.80862e-18              9.48935e-22              2.91014e-09              6.73154e-31              6.60825e-28              8.87619e-41              4.35639e-18              8.76666e-41              2.50236e-06                  0.70174                0.0241632                0.0463203                        1
      1100              0       -0.44997              1.37065e-26              2.20078e-08              6.05685e-20              1.16294e-20              2.76223e-23                0.0181658                  0.20588               0.00369323              6.56809e-17              1.81801e-20               9.5339e-09              5.23934e-29               2.7661e-26              2.24132e-38              4.61458e-17              2.36761e-38              4.93485e-06                 0.714038                0.0129945                0.0452236                        1
      1150              0     -0.0900508              4.18825e-25              6.38562e-08              3.56044e-19              1.11571e-19              4.71917e-22                 0.012108                 0.212596               0.00176038              5.21835e-16              2.68433e-19              2.79953e-08              2.78237e-27              8.32753e-25               3.4921e-36              3.95581e-16              3.92039e-36               9.1831e-06                   0.7218               0.00711131                0.0446151                        1
      1200              0       0.188921              9.62089e-24              1.69483e-07              1.78318e-18              8.89422e-19              6.34836e-21               0.00828934                 0.215763              0.000868775              3.49271e-15               3.1587e-18              7.48363e-08              1.05755e-25               1.8807e-23              3.56604e-34              2.82302e-15              4.23091e-34              1.62306e-05                  0.72677               0.00402137                0.0442707                        1
      1250              0       0.425947              1.71923e-22               4.1609e-07              7.81356e-18              6.01763e-18              6.92392e-20               0.00582412                  0.21727              0.000448652              2.00835e-14              3.04577e-17              1.84391e-07               2.9949e-24              3.29988e-22              2.51089e-32              1.71631e-14              3.13271e-32              2.74038e-05                 0.730002               0.00236063                0.0440665                        1
      1300              0       0.641185              2.46013e-21              9.53693e-07              3.05193e-17               3.5194e-17              6.27488e-19               0.00419328                 0.218001              0.000242777              1.00913e-13              2.46343e-16              4.23015e-07              6.53775e-23              4.63288e-21              1.27247e-30              9.06149e-14              1.66213e-30              4.44252e-05                 0.732142                0.0014381                0.0439374                        1
      1350              0       0.844984              2.88938e-20              2.05666e-06              1.07781e-16              1.80768e-16              4.82457e-18               0.00308834                 0.218362              0.000137351              4.49646e-13               1.7046e-15              9.11165e-07              1.13245e-21              5.33621e-20              4.81432e-29              4.22195e-13               6.5576e-29              6.94576e-05                 0.733584              0.000907213                0.0438487                        1
      1400              0        1.04281              2.84481e-19              4.20065e-06              3.48112e-16              8.26677e-16              3.20354e-17               0.00232252                 0.218542              8.09635e-05              1.79943e-12              1.02629e-14              1.85576e-06              1.59566e-20               5.1513e-19              1.40313e-27               1.7598e-12              1.98585e-27              0.000105137                 0.734571              0.000590996                0.0437811                        1
      1450              0        1.23766              2.39124e-18              8.17187e-06              1.03809e-15              3.40618e-15              1.86531e-16               0.00178033                 0.218631              4.95461e-05              6.53924e-12              5.45489e-14               3.5952e-06              1.86847e-19              4.24502e-18              3.23654e-26              6.63938e-12              4.74415e-26               0.00015459                 0.735254              0.000396454                0.0437227                        1
      1500              0        1.43129              1.74333e-17              1.52158e-05              2.88142e-15              1.27761e-14              9.65069e-16               0.00138879                 0.218673              3.13681e-05              2.17876e-11              2.59185e-13              6.65932e-06              1.85231e-18              3.03405e-17              6.04856e-25              2.29023e-11              9.15547e-25              0.000221439                 0.735724              0.000273139                0.0436658                        1
      1550              0        1.62478              1.11764e-16              2.72318e-05              7.49665e-15              4.40189e-14              4.48789e-15               0.00110082                 0.218691              2.04812e-05              6.71133e-11              1.11295e-12              1.18458e-05              1.57993e-17                1.907e-16              9.34705e-24              7.28638e-11              1.45709e-23              0.000309786                 0.736041              0.000192799                0.0436048                        1
      1600              0        1.81884              6.37704e-16              4.70182e-05               1.8393e-14              1.40415e-13              1.89479e-14              0.000885418                 0.218696              1.37523e-05              1.92533e-10              4.36034e-12              2.03141e-05              1.17598e-16              1.06687e-15              1.21591e-22              2.15446e-10              1.94729e-22              0.000424184                 0.736239              0.000139127                0.0435351                        1
      1650              0        2.01403              3.27291e-15              7.85733e-05               4.2783e-14               4.1757e-13              7.32731e-14              0.000721761                 0.218693              9.47213e-06              5.17717e-10              1.57172e-11              3.36972e-05              7.73375e-16              5.36928e-15              1.35252e-21               5.9602e-10              2.22031e-21              0.000569588                 0.736339              0.000102436                0.0434528                        1
      1700              0        2.21082              1.52512e-14              0.000127451              9.47894e-14              1.16478e-12              2.61555e-13              0.000595612                 0.218685               6.6772e-06               1.3123e-09              5.25093e-11              5.42293e-05               4.5433e-15              2.45372e-14              1.30442e-20               1.5518e-09               2.1904e-20              0.000751298                 0.736349              7.68187e-05                0.0433541                        1
      1750              0        2.40968              6.50614e-14               0.00020117              2.00871e-13              3.06414e-12              8.67771e-13              0.000497064                 0.218673              4.80776e-06              3.15146e-09              1.63658e-10              8.48889e-05              2.40745e-14              1.02669e-13              1.10418e-19              3.82224e-09              1.89303e-19              0.000974874                  0.73627               5.8584e-05                0.0432355                        1
      1800              0        2.61108              2.55969e-13              0.000309681              4.08642e-13              7.63854e-12              2.69228e-12              0.000419117                 0.218657               3.5295e-06              7.20212e-09               4.7862e-10              0.000129553              1.16063e-13              3.96233e-13              8.29358e-19              8.94773e-09              1.44913e-18               0.00124605                 0.736097              4.53706e-05                0.0430935                        1
      1850              0        2.81557              9.34864e-13              0.000465867              8.00684e-13              1.81221e-11              7.85365e-12              0.000356745                 0.218635              2.63759e-06              1.57256e-08              1.32019e-09              0.000193155               5.1301e-13              1.41973e-12              5.58145e-18              1.99895e-08               9.9232e-18               0.00157062                 0.735816               3.5637e-05                0.0429246                        1
      1900              0         3.0238              3.18828e-12              0.000686086              1.51547e-12              4.10739e-11              2.16455e-11              0.000306295                 0.218607              2.00354e-06              3.29222e-08              3.45042e-09              0.000281852              2.09333e-12              4.75067e-12               3.3949e-17              4.27735e-08               6.1322e-17               0.00195434                 0.735409              2.83569e-05                0.0427254                        1
      1950              0        3.23649               1.0207e-11              0.000990738              2.77806e-12              8.92429e-11              5.66112e-11              0.000265069                  0.21857              1.54498e-06              6.62964e-08               8.5801e-09              0.000403177              7.93437e-12              1.49236e-11              1.88092e-16              8.79535e-08              3.44694e-16               0.00240277                 0.734852              2.28344e-05                0.0424925                        1
      2000              0        3.45451              3.08206e-11               0.00140483              4.94394e-12              1.86453e-10               1.4105e-10              0.000231055                 0.218521                1.208e-06               1.2878e-07              2.03754e-08               0.00056618              2.80909e-11              4.42196e-11              9.55919e-16              1.74305e-07              1.77499e-15               0.00292115                 0.734113                1.859e-05                0.0422225                        1
      2050              0        3.67887              8.81532e-11               0.00195853              8.55987e-12              3.75632e-10              3.35979e-10              0.000202735                 0.218457              9.56676e-07              2.41927e-07              4.63623e-08              0.000781552              9.33628e-11              1.24115e-10              4.48468e-15                3.338e-07              8.42736e-15               0.00351428                 0.733157              1.52877e-05                0.0419124                        1
      2100              0        3.91072              2.39759e-10                0.0026877              1.44464e-11              7.31542e-10              7.67536e-10              0.000178948                 0.218375              7.66649e-07              4.40559e-07              1.01386e-07               0.00106171              2.92623e-10              3.31263e-10              1.95338e-14              6.19176e-07              3.71059e-14                0.0041863                 0.731937              1.26888e-05                0.0415592                        1
      2150              0        4.15137              6.22267e-10               0.00363437              2.38071e-11              1.38035e-09              1.68648e-09                0.0001588                 0.218268              6.21114e-07              7.79328e-07              2.13659e-07               0.00142084              8.68474e-10              8.43657e-10              7.94042e-14              1.11485e-06              1.52314e-13               0.00494061                 0.730403              1.06214e-05                0.0411602                        1
      2200              0        4.40229              1.54608e-09               0.00484709              3.83702e-11              2.52875e-09              3.57349e-09              0.000141596                 0.218134              5.08314e-07              1.34172e-06              4.34983e-07               0.00187487              2.44987e-09              2.05671e-09              3.02657e-13               1.9522e-06              5.85679e-13               0.00577964                 0.728497              8.96003e-06                 0.040713                        1
      2250              0        4.66511              3.68811e-09               0.00638124              6.05683e-11              4.50617e-09               7.3191e-09              0.000126788                 0.217964              4.19901e-07              2.25206e-06              8.57433e-07               0.00244139              6.59095e-09              4.81321e-09              1.08636e-12              3.33035e-06              2.11885e-12               0.00670472                 0.726152              7.61224e-06                0.0402158                        1
      2300              0        4.94161              8.46929e-09               0.00829912              9.37617e-11              7.82409e-09              1.45214e-08              0.000113943                 0.217752              3.49873e-07              3.69116e-06              1.63979e-06               0.00313948              1.69638e-08              1.08413e-08              3.68657e-12              5.54357e-06              7.24087e-12               0.00771594                 0.723295              6.50887e-06                0.0396669                        1
      2350              0        5.23369               1.8768e-08                0.0106699              1.42512e-10              1.32576e-08              2.79637e-08              0.000102716                 0.217491              2.93857e-07              5.91611e-06              3.04817e-06               0.00398942              4.18892e-08              2.35581e-08                1.187e-11              9.01637e-06              2.34593e-11               0.00881196                 0.719846              5.59781e-06                0.0390653                        1
      2400              0         5.5434              4.02241e-08                0.0135694              2.12906e-10              2.19545e-08              5.23583e-08              9.28304e-05                 0.217172              2.48631e-07              9.28482e-06              5.51673e-06               0.00501231              9.94993e-08              4.94938e-08              3.63821e-11              1.43471e-05              7.22975e-11               0.00998992                 0.715719              4.83939e-06                0.0384107                        1
      2450              0        5.87284              8.35484e-08                0.0170793              3.12946e-10              3.55779e-08              9.54747e-08              8.40617e-05                 0.216785              2.11795e-07              1.42857e-05              9.73606e-06               0.00622952              2.27886e-07              1.00732e-07              1.06475e-10              2.23606e-05              2.12593e-10                0.0112453                 0.710822              4.20308e-06                0.0377032                        1
      2500              0        6.22419              1.68498e-07                0.0212869              4.52985e-10              5.64887e-08              1.69802e-07              7.62284e-05                 0.216323              1.81543e-07              2.15728e-05              1.67784e-05               0.00766207              5.04374e-07              1.98961e-07              2.98356e-10              3.41687e-05              5.98159e-10                0.0125718                 0.705059              3.66525e-06                0.0369436                        1
      2550              0        6.59966              3.30526e-07                0.0262832              6.46234e-10              8.79734e-08              2.94942e-07              6.91828e-05                 0.215773              1.56503e-07               3.2006e-05              2.82707e-05                0.0093298              1.08095e-06              3.82009e-07               8.0253e-10              5.12386e-05              1.61457e-09                0.0139615                 0.698333              3.20741e-06                0.0361335                        1
      2600              0        7.00142              6.31642e-07                0.0321621              9.09316e-10              1.34524e-07               5.0096e-07              6.28043e-05                 0.215125              1.35622e-07              4.66975e-05              4.66282e-05                0.0112504              2.24747e-06              7.14061e-07              2.07708e-09              7.54649e-05              4.19093e-09                0.0154045                 0.690544              2.81505e-06                0.0352751                        1
      2650              0        7.43162              1.17769e-06                 0.039018              1.26287e-09              2.02172e-07              8.32977e-07              5.69945e-05                 0.214368              1.18087e-07              6.70615e-05              7.53609e-05                0.0134385              4.54115e-06              1.30122e-06              5.18394e-09              0.000109242              1.04844e-08                0.0168891                 0.681595              2.47663e-06                0.0343713                        1
      2700              0        7.89229              2.14529e-06                0.0469438               1.7322e-09              2.98886e-07              1.35729e-06              5.16737e-05                 0.213492              1.03262e-07              9.48698e-05              0.000119468                0.0159042              8.93144e-06              2.31458e-06              1.25014e-08              0.000155529              2.53307e-08                0.0184021                 0.671394              2.18298e-06                0.0334255                        1
      2750              0        8.38539              3.82281e-06                0.0560284              2.34792e-09              4.35023e-07              2.16935e-06               4.6777e-05                 0.212484              9.06492e-08              0.000132309               0.00018593                0.0186522               1.7124e-05              4.02343e-06              2.91851e-08                0.0002179              5.92174e-08                0.0199286                 0.659852              1.92674e-06                 0.032442                        1
      2800              0        8.91273               6.6717e-06                0.0663531              3.14664e-09              6.23845e-07               3.4039e-06              4.22521e-05                 0.211334              7.98537e-08               0.00018204               0.00028431                0.0216799              3.20495e-05              6.84209e-06              6.60735e-08              0.000300574              1.34189e-07                0.0214524                 0.646895              1.70197e-06                0.0314252                        1
      2850              0        9.47601              1.14163e-05                0.0779887              4.17161e-09              8.82098e-07              5.24754e-06              3.80577e-05                 0.210031              7.05611e-08              0.000247258              0.000427464                0.0249769              5.86303e-05              1.13938e-05              1.45297e-07              0.000408395              2.95235e-07                0.0229559                 0.632457              1.50388e-06                0.0303802                        1
      2900              0        10.0769              1.91731e-05                0.0909914              5.47331e-09              1.23063e-06              7.95381e-06              3.41608e-05                 0.208564               6.2519e-08              0.000331751              0.000632356                0.0285231              0.000104961              1.85961e-05              3.10815e-07              0.000546778              6.31632e-07                0.0244209                 0.616489              1.32854e-06                0.0293121                        1
      2950              0        10.7169              3.16337e-05                 0.105399               7.1099e-09              1.69505e-06              1.18609e-05              3.05359e-05                 0.206923              5.55236e-08              0.000439953               0.00092097                 0.032288              0.000184089              2.97717e-05              6.47703e-07              0.000721577              1.31591e-06                 0.025828                 0.598961              1.17276e-06                0.0282261                        1
      3000              0        11.3977              5.13199e-05                 0.121225              9.14765e-09              2.30644e-06              1.74116e-05              2.71634e-05                 0.205097               4.9409e-08              0.000576991               0.00132126                0.0362298              0.000316643              4.67879e-05              1.31657e-06              0.000938876               2.6732e-06                0.0271578                 0.579859              1.03391e-06                0.0271274                        1
      3050              0        12.1211              8.19335e-05                 0.138458               1.1661e-08              3.10203e-06              2.51749e-05              2.40285e-05                 0.203075              4.40394e-08              0.000748722               0.00186813                0.0402944              0.000534657              7.22273e-05              2.61361e-06                0.0012047              5.30178e-06                0.0283901                  0.55919              9.09823e-07                0.0260208                        1
      3100       0.146516        12.8893              0.000128829                  0.15705              1.47322e-08              4.12585e-06              3.58681e-05              2.11199e-05                 0.200844              3.93024e-08              0.000961752               0.00260428                0.0444151              0.000887036               0.00010959              5.07297e-06               0.00152458              1.02778e-05                0.0295049                 0.536982              7.98672e-07                0.0249104                        1
      3150       0.325209        13.7048              0.000199645                 0.176916               1.8451e-08              5.42934e-06              5.03775e-05              1.84289e-05                 0.198388              3.51045e-08               0.00122343               0.00358094                0.0485125               0.00144722              0.000163519              9.63767e-06               0.00190307               1.9496e-05                0.0304815                  0.51328              6.98938e-07                0.0237996                        1
      3200       0.528423        14.5708              0.000305136                 0.197925              2.29126e-08              7.07164e-06              6.97749e-05              1.59486e-05                 0.195685              3.13667e-08               0.00154179               0.00485813                0.0524943               0.00232384              0.000240047              1.79394e-05               0.00234306              3.62242e-05                 0.031299                 0.488146              6.09324e-07                0.0226907                        1
      3250       0.763476        15.4911              0.000460251                 0.219892               2.8215e-08              9.11972e-06               9.5326e-05              1.36728e-05                 0.192708              2.80214e-08               0.00192547                0.0065044                0.0562548               0.00367518              0.000346827              3.27475e-05               0.00284497              6.59894e-05                0.0319356                 0.461651              5.28717e-07                0.0215843                        1
      3300        1.04114        16.4699              0.000685528                 0.242567              3.44545e-08              1.16478e-05              0.000128483               1.1596e-05                 0.189415              2.50103e-08               0.00238347               0.00859554                0.0596754               0.00572871              0.000493332               5.8677e-05                0.0034058              0.000117968                0.0323678                 0.433874              4.56146e-07                0.0204797                        1
      3350        1.37728        17.5116               0.00100886                 0.265624               4.1718e-08              1.47358e-05              0.000170855               9.7122e-06                 0.185749              2.22815e-08               0.00292481                 0.011212                0.0626231               0.00880702              0.000690938              0.000103285               0.00401791              0.000207128                  0.03257                 0.404893               3.9076e-07                0.0193737                        1
      3400        1.79528        18.6197               0.00146771                 0.288636              5.00703e-08              1.84666e-05              0.000224136              8.01538e-06                 0.181631              1.97887e-08               0.00355795                0.0144337                0.0649506                0.0133618              0.000952815              0.000178744               0.00466767              0.000357473                0.0325127                  0.37478              3.31804e-07                0.0182607                        1
      3450        2.32981        19.7954                0.0021119                 0.311057              5.95354e-08              2.29199e-05              0.000289979                6.499e-06                  0.17695              1.74896e-08               0.00428979                0.0183326                0.0664939                 0.020018               0.00129346              0.000304344                0.0053337              0.000606878                0.0321615                 0.343594              2.78609e-07                0.0171326                        1
      3500        3.03273        21.0349               0.00300702                 0.332177              7.00661e-08              2.81633e-05               0.00036977              5.15637e-06                 0.171556              1.53453e-08               0.00512418                0.0229589                0.0670715                0.0296301               0.00172761              0.000510203                0.0059849                0.0010142                0.0314752                 0.311382              2.30597e-07                0.0159777                        1
