   "Tw[K]"          "B'c"    "hw[MJ/kg]"                      "C"                      "H"                      "O"                      "N"                     "CH"                    "CH4"                     "CO"                    "CO2"                     "CN"                    "C2H"         "C2H2,acetylene"                     "C3"                    "C3H"                     "C4"         "C4H2,butadiyne"                     "C5"                    "HCN"                     "H2"                    "H2O"                     "N2"                  "C(gr)"
       300              0       -7.97372             3.04415e-116              2.17345e-37                4.992e-76              5.77324e-80             3.57675e-100                 0.510414              8.70969e-12               0.00259637              9.08786e-72              1.82749e-93              2.87566e-41             3.76024e-134             2.14689e-118             1.29353e-171              6.58857e-78             3.04379e-173              1.31339e-24              0.000132213                 0.422709                0.0641482                        1
       350              0       -7.83632              2.07452e-98              1.70906e-31              9.46154e-65              3.32843e-68              7.66949e-85                 0.513037              1.85992e-09               0.00598483              7.46859e-61              6.61371e-79               1.1807e-34             2.99811e-113             4.34103e-100             3.06255e-145              9.05507e-66             1.48899e-146              7.88313e-21               0.00114783                 0.415715                0.0641157                        1
       400              0       -7.68262              5.03434e-85              4.64763e-27              2.69511e-56              2.22954e-59              2.47916e-73                 0.514076               1.0244e-07                 0.010677              1.15624e-52              5.67397e-68              1.10683e-29              1.46015e-97              2.42761e-86             1.93734e-125              1.21147e-56             1.63705e-126              5.43656e-18               0.00599332                 0.405294                0.0639602                        1
       450              0       -7.51916              1.31549e-74               1.3322e-23              1.00827e-49              1.64436e-52              2.24925e-64                 0.507452              2.28504e-06                0.0161639              2.71481e-46              1.84364e-59              8.25879e-26              2.35322e-85              1.22463e-75             5.02151e-110              1.56681e-49             6.55738e-111              8.79572e-16                0.0220569                  0.39088                0.0634449                        1
       500              0        -7.3491              2.86549e-66              7.83174e-21              1.82331e-44              5.13667e-47               3.3028e-57                 0.482821              2.71372e-05                0.0220218              3.37441e-41               1.1941e-52              1.03045e-22              1.38041e-75              4.50313e-67               1.0955e-97              7.71754e-44              2.03322e-98              5.09311e-14                0.0625027                  0.37048                0.0621468                        1
       550              0       -7.16521              1.91535e-59              1.43595e-18              3.65843e-40              1.59819e-42               2.3841e-51                 0.428307              0.000204637                0.0281079              4.91025e-37              4.41929e-47              3.41624e-20              1.35776e-67              4.54728e-60               1.3794e-87              3.43491e-39              3.42006e-88              1.37127e-12                 0.142937                 0.340882                 0.059561                        1
       600              0       -6.93793              9.37099e-54              1.08076e-16              1.42028e-36              8.75621e-39              1.76648e-46                 0.339588                0.0011045                0.0346554              1.41994e-33              1.87814e-42              4.05901e-18              6.20645e-61              3.04121e-54              3.62326e-79              2.43529e-35              1.14477e-79              2.03342e-11                 0.269585                 0.299597                0.0554698                        1
       650              0       -6.59169              6.12837e-49              4.03036e-15              1.56681e-33              1.25905e-35               2.2325e-42                 0.231591               0.00463364                0.0420957               1.1826e-30              1.48352e-38              2.11733e-16              2.67233e-55              2.47424e-49              4.83695e-72              4.05711e-32              1.87713e-72              1.87164e-10                 0.423845                 0.247426                0.0504085                        1
       700              0       -5.98739              8.23856e-45              8.56291e-14              6.36313e-31              6.36574e-33              6.95424e-39                 0.134882                0.0157792                0.0495115              3.72582e-28                3.089e-35               5.6643e-15              1.79611e-50              3.80165e-45              6.20331e-66              2.11918e-29              2.87181e-66              1.17946e-09                 0.565587                 0.188736                0.0455044                        1
       750              0       -4.98826              3.12218e-41              1.16136e-12              1.10955e-28              1.40461e-30              7.07447e-36                0.0698058                0.0434359                 0.051798              5.43165e-26              2.21617e-32              8.90945e-14              2.73013e-46              1.54091e-41              1.21961e-60              4.38742e-27              6.57831e-61              5.53854e-09                 0.663958                 0.129541                 0.041462                        1
       800              0       -3.63595              4.22749e-38              1.10335e-11              9.02148e-27              1.58295e-28              2.92479e-33                0.0340743                0.0932369                0.0423461              4.24191e-24              6.74869e-30               9.2679e-13              1.23964e-42              2.13337e-38              5.22069e-56              4.35834e-25              3.21799e-56              2.07082e-08                 0.715065                0.0770528                0.0382252                        1
       850              0       -2.28831              2.45171e-35              7.90398e-11               3.6307e-25              1.02837e-26              5.82404e-31                0.0165872                 0.151318                0.0243346              1.98647e-22              1.02586e-27              7.01234e-12              2.08041e-39              1.23264e-35              6.36419e-52              2.41696e-23              4.41168e-52               6.5071e-08                 0.733323                0.0386604                0.0357765                        1
       900              0       -1.35287              7.01277e-33              4.52504e-10              8.01179e-24              4.24611e-25              6.38054e-29               0.00843694                 0.191693                0.0101229              6.11063e-21              8.83877e-26              4.16289e-11              1.52306e-36              3.47668e-33              2.72285e-48              8.43324e-22              2.09436e-48               1.7999e-07                 0.738459                0.0169711                0.0343166                        1
       950              0      -0.828845              1.10595e-30              2.15729e-09              1.13535e-22              1.19756e-23              4.25139e-27               0.00456317                 0.209996               0.00364094               1.3203e-19              4.74926e-24              2.03886e-10              5.54433e-34               5.3919e-31              4.82238e-45               2.0154e-20              4.06925e-45              4.50148e-07                 0.740972               0.00717807                0.0336487                        1
      1000              0      -0.512261              1.05132e-28              8.81061e-09              1.17748e-21              2.43364e-22              1.85817e-25               0.00261252                 0.216842               0.00131634              2.10507e-18              1.71003e-22              8.49758e-10               1.1144e-31              5.03431e-29              4.03503e-42              3.49849e-19              3.69911e-42              1.03074e-06                  0.74271               0.00314421                0.0333731                        1
      1050              0      -0.276532              6.47519e-27              3.15123e-08              9.62953e-21              3.72436e-21              5.65864e-24               0.00157166                  0.21936              0.000507698              2.58001e-17              4.36921e-21              3.08472e-09              1.34631e-29              3.04266e-27              1.77524e-39              4.61774e-18              1.75333e-39              2.18297e-06                 0.743839                 0.001463                0.0332555                        1
      1100              0       -0.07111              2.74131e-25              1.00502e-07              6.48205e-20              4.45618e-20              1.26141e-22               0.00098754                 0.220333              0.000211498              2.51678e-16              8.30221e-20              9.94114e-09              1.04787e-27              1.26318e-25              4.48264e-37              4.81169e-17              4.73521e-37              4.31766e-06                 0.744538              0.000725036                0.0332008                        1
      1150              0       0.122756              8.37649e-24               2.9012e-07              3.69672e-19              4.30242e-19              2.14408e-21              0.000644884                 0.220733              9.48857e-05              2.01231e-15              1.21958e-18              2.88937e-08              5.56474e-26              3.78348e-24               6.9842e-35              4.08277e-16              7.84078e-35              8.04444e-06                 0.744966              0.000381023                0.0331723                        1
      1200              0         0.3123              1.92418e-22              7.67515e-07              1.82569e-18              3.44222e-18              2.87491e-20               0.00043579                 0.220907              4.55344e-05              1.35174e-14              1.43044e-17              7.67373e-08              2.11509e-24              8.51689e-23              7.13208e-33              2.89473e-15              8.46181e-33              1.42232e-05                 0.745231               0.00021109                 0.033155                        1
      1250              0        0.50052              3.43846e-21              1.88033e-06              7.94718e-18              2.33387e-17              3.12895e-19              0.000303618                 0.220986              2.32064e-05              7.78915e-14               1.3764e-16               1.8828e-07              5.98979e-23              1.49123e-21              5.02177e-31              1.75251e-14              6.26543e-31              2.40148e-05                 0.745397              0.000122582                0.0331421                        1
      1300              0       0.688767              4.92027e-20              4.30378e-06              3.09424e-17              1.36671e-16              2.83169e-18              0.000217384                 0.221023              1.24778e-05               3.9188e-13              1.11168e-15              4.30732e-07              1.30755e-21               2.0907e-20              2.54495e-29              9.22682e-14              3.32425e-29              3.89267e-05                 0.745499               7.4232e-05                0.0331298                        1
      1350              0       0.877715              5.77875e-19              9.27244e-06              1.09104e-16              7.02547e-16              2.17515e-17                0.0001595                 0.221041              7.03707e-06              1.74753e-12              7.68516e-15              9.26039e-07              2.26491e-20              2.40583e-19              9.62864e-28              4.29087e-13              1.31152e-27              6.08519e-05                 0.745559              4.66667e-05                0.0331157                        1
      1400              0        1.06775              5.68961e-18              1.89262e-05              3.52106e-16              3.21446e-15              1.44337e-16              0.000119635                 0.221049              4.14159e-06              6.99693e-12              4.62401e-14              1.88358e-06              3.19133e-19              2.32094e-18              2.80627e-26              1.78619e-12              3.97171e-26              9.20967e-05                 0.745586               3.0337e-05                 0.033098                        1
      1450              0        1.25917              4.78248e-17              3.68016e-05              1.04958e-15              1.32488e-14               8.4003e-16              9.15351e-05                 0.221052              2.53247e-06              2.54353e-11              2.45658e-13              3.64571e-06              3.73695e-18              1.91172e-17              6.47308e-25              6.73266e-12              9.48831e-25              0.000135396                 0.745583              2.03238e-05                0.0330747                        1
      1500              0        1.45223              3.48666e-16              6.85001e-05              2.91274e-15              4.97037e-14              4.34464e-15              7.13063e-05                  0.22105              1.60269e-06              8.47616e-11              1.16682e-12              6.74825e-06              3.70462e-17               1.3659e-16              1.20971e-23              2.32081e-11              1.83109e-23              0.000193915                  0.74555              1.39898e-05                 0.033044                        1
      1550              0        1.64727              2.23527e-15              0.000122562              7.57734e-15              1.71265e-13              2.01987e-14              5.64613e-05                 0.221045              1.04622e-06              2.61119e-10              5.00907e-12              1.19977e-05              3.15986e-16              8.58286e-16              1.86941e-22               7.3798e-11              2.91418e-22              0.000271233                 0.745478              9.86864e-06                0.0330038                        1
      1600              0        1.84469              1.27541e-14               0.00021157              1.85897e-14               5.4632e-13              8.52607e-14              4.53741e-05                 0.221036              7.02405e-07                7.491e-10              1.96204e-11              2.05657e-05              2.35195e-15              4.80064e-15              2.43182e-21              2.18114e-10              3.89458e-21              0.000371318                 0.745356              7.11781e-06                0.0329518                        1
      1650              0        2.04506              6.54582e-14               0.00035349              4.32382e-14              1.62457e-12              3.29645e-13              3.69585e-05                  0.22102              4.83739e-07              2.01419e-09              7.07094e-11              3.41011e-05              1.54675e-14              2.41556e-14              2.70505e-20              6.03165e-10              4.44061e-20              0.000498474                 0.745166              5.23833e-06                0.0328855                        1
      1700              0        2.24913              3.05024e-13              0.000573269              9.57909e-14              4.53102e-12              1.17647e-12              3.04748e-05                 0.220995              3.40952e-07              5.10489e-09              2.36186e-10              5.48577e-05               9.0866e-14              1.10368e-13              2.60883e-19              1.56978e-09              4.38081e-19              0.000657281                 0.744882               3.9265e-06                0.0328022                        1
      1750              0        2.45789              1.30123e-12              0.000904657              2.02971e-13              1.19171e-11              3.90234e-12              2.54099e-05                 0.220959               2.4544e-07              1.22567e-08              7.35966e-10              8.58344e-05              4.81491e-13              4.61699e-13              2.20835e-18              3.86481e-09              3.78606e-18              0.000852511                 0.744471              2.99278e-06                0.0326989                        1
      1800              0        2.67264              5.11939e-12               0.00139225              4.12843e-13              2.96992e-11              1.21038e-11              2.14017e-05                 0.220904              1.80122e-07              2.80024e-08              2.15175e-09              0.000130924              2.32127e-12              1.78136e-12              1.65872e-17              9.04243e-09              2.89826e-17               0.00108903                 0.743887              2.31611e-06                0.0325724                        1
      1850              0        2.89504              1.86973e-11               0.00209367               8.0871e-13              7.04323e-11              3.52954e-11              1.81909e-05                 0.220827              1.34537e-07              6.11181e-08               5.9331e-09               0.00019506              1.02602e-11              6.38048e-12              1.11629e-16              2.01867e-08              1.98464e-16               0.00137168                 0.743073              1.81746e-06                0.0324193                        1
      1900              0        3.12717              6.37656e-11                0.0030819               1.5301e-12              1.59555e-10              9.72318e-11              1.55887e-05                 0.220717              1.02121e-07              1.27889e-07              1.54993e-08              0.000284362              4.18666e-11                2.134e-11              6.78981e-16              4.31545e-08              1.22644e-15               0.00170511                 0.741958              1.44428e-06                0.0322361                        1
      1950              0        3.37161              2.04141e-10               0.00444757              2.80343e-12              3.46447e-10              2.54136e-10              1.34562e-05                 0.220566              7.86664e-08              2.57367e-07              3.85173e-08              0.000406249              1.58687e-10              6.69942e-11              3.76184e-15              8.86238e-08              6.89388e-15               0.00209367                 0.740452              1.16093e-06                 0.032019                        1
      2000              0        3.63147              6.16412e-10               0.00630111              4.98557e-12              7.23242e-10              6.32656e-10              1.16896e-05                 0.220361              6.14213e-08              4.99532e-07              9.13904e-08              0.000569524              5.61817e-10              1.98339e-10              1.91184e-14              1.75334e-07              3.54998e-14               0.00254116                 0.738449              9.42865e-07                0.0317644                        1
      2050              0        3.91047              1.76306e-09               0.00877471              8.62375e-12               1.4556e-09              1.50527e-09              1.02106e-05                 0.220087              4.85504e-08              9.37489e-07              2.07715e-07              0.000784394              1.86726e-09              5.56068e-10              8.96935e-14              3.35014e-07              1.68547e-13               0.00305063                 0.735822              7.72889e-07                0.0314684                        1
      2100              0        4.21298              4.79518e-09                0.0120237              1.45359e-11              2.83134e-09              3.43366e-09              8.95926e-06                 0.219728              3.88091e-08              1.70513e-06               4.5356e-07               0.00106241              5.85246e-09              1.48194e-09              3.90676e-13              6.19586e-07              7.42118e-13                0.0036242                 0.732422              6.38794e-07                0.0311273                        1
      2150              0        4.54406              1.24453e-08                0.0162275              2.39156e-11              5.33459e-09              7.53017e-09              7.88957e-06                 0.219263              3.13394e-08              3.01184e-06              9.53991e-07               0.00141632              1.73695e-08              3.76694e-09              1.58808e-12               1.1113e-06              3.04627e-12               0.00426271                 0.728079               5.3179e-07                0.0307377                        1
      2200              0        4.90946              3.09216e-08                 0.021589              3.84646e-11               9.7555e-09              1.59164e-08              6.96569e-06                  0.21867              2.55408e-08              5.17612e-06              1.93742e-06                0.0018597              4.89974e-08               9.1606e-09              6.05314e-12               1.9364e-06              1.17136e-11               0.00496552                 0.722603               4.4547e-07                0.0302963                        1
      2250              0        5.31561              7.37621e-08                0.0283333              6.05572e-11              1.73474e-08              3.24975e-08              6.15963e-06                 0.217924              2.09874e-08              8.66977e-06              3.80708e-06               0.00240653              1.31819e-07              2.13711e-08              2.17273e-11              3.28279e-06               4.2377e-11                0.0057302                 0.715783              3.75108e-07                0.0298003                        1
      2300              0        5.76963              1.69386e-07                0.0367046              9.34368e-11              3.00455e-08              6.42239e-08               5.4494e-06                 0.216997              1.73726e-08              1.41745e-05              7.25231e-06               0.00307046              3.39275e-07              4.79479e-08              7.37314e-11               5.4217e-06              1.44817e-10               0.00655229                 0.707394              3.17186e-07                0.0292476                        1
      2350              0         6.2792              3.75361e-07                0.0469607              1.41444e-10              5.07629e-08              1.23074e-07              4.81775e-06                 0.215862              1.44736e-08              2.26526e-05              1.34157e-05               0.00386392              8.37783e-07              1.03685e-07                2.374e-10              8.73273e-06              4.69186e-10               0.00742502                   0.6972              2.69055e-07                0.0286368                        1
      2400              0        6.85254              8.04481e-07                0.0593658              2.10275e-10              8.37795e-08              2.29067e-07              4.25117e-06                 0.214488              1.21262e-08              3.54313e-05              2.41356e-05               0.00479691              1.98999e-06              2.16535e-07              7.27643e-10              1.37306e-05              1.44595e-09               0.00833917                 0.684962              2.28709e-07                0.0279673                        1
      2450              0        7.49823              1.67097e-06                0.0741802              3.07258e-10              1.35241e-07              4.14672e-07              3.73918e-06                 0.212845              1.02083e-08              5.43037e-05              4.22864e-05               0.00587568              4.55772e-06              4.37505e-07               2.1295e-09              2.10905e-05              4.25186e-09               0.00928293                 0.670447              1.94615e-07                0.0272397                        1
      2500              0        8.22506              3.36995e-06                 0.091647              4.41644e-10               2.1378e-07              7.31053e-07              3.27379e-06                 0.210907              8.62833e-09              8.16417e-05              7.22365e-05               0.00710114              1.00875e-05              8.56594e-07              5.96711e-09              3.16672e-05              1.19632e-08                0.0102419                 0.653443              1.65594e-07                0.0264559                        1
      2550              0        9.04186              6.61052e-06                 0.111977              6.24891e-10              3.31277e-07              1.25657e-06              2.84909e-06                 0.208646              7.31683e-09              0.000120523              0.000120444               0.00846722               2.1619e-05              1.62751e-06              1.60506e-08              4.65014e-05              3.22913e-08                0.0111993                 0.633769              1.40737e-07                0.0256188                        1
      2600              0        9.95722              1.26328e-05                 0.135328              8.70933e-10              5.03755e-07              2.10789e-06              2.46081e-06                 0.206044              6.22073e-09              0.000174869              0.000196197                0.0099593              4.49493e-05              3.00455e-06              4.15416e-08              6.68043e-05              8.38186e-08                0.0121361                 0.611295               1.1934e-07                0.0247331                        1
      2650              0        10.9793              2.35539e-05                 0.161789               1.1964e-09              7.52429e-07              3.45396e-06              2.10609e-06                 0.203085              5.29917e-09              0.000249584              0.000312485                0.0115528               9.0823e-05              5.39554e-06              1.03679e-07              9.39131e-05              2.09688e-07                0.0130318                 0.585955              1.00853e-07                0.0238042                        1
      2700              0        12.1153              4.29057e-05                 0.191351              1.62081e-09              1.10489e-06              5.53253e-06              1.78314e-06                 0.199763              4.52042e-09              0.000350705              0.000486971                0.0132125              0.000178629              9.43458e-06              2.50028e-07              0.000129206              5.06614e-07                0.0138645                 0.557763              8.48452e-08                 0.022839                        1
      2750              0        13.3716              7.64561e-05                  0.22389              2.16664e-09              1.59643e-06              8.66876e-06              1.49091e-06                 0.196078              3.85958e-09              0.000485543               0.00074298                 0.014892              0.000342481              1.60777e-05              5.83703e-07              0.000173973              1.18435e-06                0.0146121                 0.526831              7.09776e-08                0.0218451                        1
      2800              0        14.7525              0.000133434                 0.259147              2.85937e-09              2.27144e-06              1.32942e-05              1.22885e-06                  0.19204              3.29694e-09              0.000662813               0.00111039                0.0165347              0.000640989              2.67223e-05              1.32147e-06               0.00022924              2.68379e-06                 0.015253                  0.49337              5.89774e-08                0.0208304                        1
      2850              0        16.2604              0.000228326                 0.296702              3.72738e-09              3.18489e-06              1.99638e-05               9.9657e-07                 0.187665              2.81666e-09              0.000892747               0.00162625                0.0180753               0.00117261              4.33469e-05              2.90594e-06              0.000295548              5.90471e-06                0.0157664                 0.457698              4.86217e-08                0.0198023                        1
      2900              0        17.8935              0.000383461                 0.335964              4.80162e-09               4.4037e-06              2.93676e-05              7.93614e-07                 0.182969              2.40579e-09               0.00118715               0.00233483                0.0194425               0.00209923              6.86619e-05              6.21631e-06              0.000372707              1.26326e-05                 0.016133                 0.420225              3.97227e-08                0.0187672                        1
      2950              0        19.6448              0.000632673                 0.376153              6.11491e-09              6.00779e-06              4.23299e-05              6.19208e-07                 0.177965              2.05353e-09               0.00155934               0.00328681                0.0205622               0.00368179              0.000106251              1.29541e-05              0.000459526              2.63181e-05                0.0163352                  0.38144               3.2117e-08                0.0177291                        1
      3000              0        21.4976                0.0010264                  0.41628              7.70048e-09              8.09026e-06              5.97903e-05               4.7213e-07                  0.17265              1.75062e-09                0.0020239               0.00453712                0.0213609               0.00633286              0.000160666              2.63315e-05              0.000553556              5.34639e-05                 0.016356                 0.341881              2.56576e-08                0.0166886                        1
      3050        0.21524        23.4201               0.00163867                 0.455119              9.58885e-09              1.07557e-05              8.27513e-05              3.50642e-07                 0.166989              1.48893e-09               0.00259604               0.00614064                0.0217685                0.0106931              0.000237415              5.22723e-05               0.00065082              0.000106036                0.0161784                 0.302095              2.02089e-08                0.0156413                        1
      3100       0.780745        25.3573               0.00257658                 0.491155              1.18019e-08              1.41145e-05              0.000112173              2.52536e-07                 0.160895              1.26111e-09               0.00329014               0.00814457                  0.02172                0.0177407              0.000342728              0.000101459              0.000745555              0.000205557                0.0157832                 0.262597              1.56441e-08                0.0145765                        1
      3150        1.64998        27.2226                0.0039929                 0.522486              1.43414e-08              1.82706e-05               0.00014878              1.75243e-07                 0.154201              1.06042e-09               0.00411704                0.0105756                0.0211563                0.0289445              0.000482921              0.000192753              0.000829927              0.000389921                0.0151468                 0.223841              1.18458e-08                0.0134757                        1
      3200        3.02027        28.8942               0.00610271                  0.54667              1.71687e-08               2.3295e-05              0.000192719              1.16019e-07                 0.146629              8.80571e-10               0.00507889                0.0134182                0.0200231                0.0464768               0.00066301              0.000358788              0.000893721              0.000724483                0.0142386                 0.186195              8.70762e-09                0.0123113                        1
      3250        5.23255        30.2285               0.00920502                 0.560459              2.01682e-08              2.91758e-05              0.000242966              7.21283e-08                 0.137749              7.15875e-10               0.00615997                0.0165784                0.0182725                0.0735036              0.000883991               0.00065495              0.000924096               0.00131979                0.0130203                 0.149952              6.13791e-09                0.0110457                        1
      3300        8.91162        31.0953                0.0137106                 0.559418              2.30875e-08              3.57225e-05              0.000296313              4.10048e-08                 0.126924              5.61498e-10               0.00730984                0.0198234                0.0158699                 0.114574               0.00113774               0.00117354              0.000905728               0.00235937                0.0114469                 0.115383              4.06428e-09                0.0096314                        1
      3350        15.3164        31.4285                0.0201772                 0.537357              2.54372e-08               4.2384e-05               0.00034564              2.03335e-08                 0.113259              4.14198e-10               0.00841251                0.0226818                0.0128144                  0.17614               0.00139777               0.00206571              0.000822173               0.00414257               0.00947571                 0.082852              2.43775e-09               0.00801376                        1
      3400         27.395        31.2588                0.0293542                  0.48552              2.63351e-08              4.78847e-05              0.000377023              8.02156e-09                0.0955312              2.73714e-10               0.00922592                0.0242792               0.00918893                 0.267236               0.00160275               0.00357488              0.000660363               0.00714945               0.00709071                0.0530223              1.23449e-09               0.00613915                        1
      3450        54.0266        30.6998                 0.042238                 0.391452              2.42663e-08              4.94147e-05              0.000364926              2.03756e-09                0.0721241              1.45281e-10               0.00924868                0.0230708               0.00526537                 0.400359               0.00162776               0.00608689              0.000422353                0.0121376               0.00436303                0.0272078              4.49616e-10               0.00398181                        1
      3500        139.938        29.8955                0.0601404                  0.23741              1.67398e-08              4.03915e-05              0.000264278              1.68178e-10                0.0409872              4.37955e-11               0.00734906                0.0164089               0.00171303                 0.592602               0.00123474                0.0102041              0.000152857                0.0202839               0.00161315               0.00795281              7.03547e-11               0.00164323                        1
