   "Tw[K]"          "B'c"    "hw[MJ/kg]"                      "C"                      "H"                      "O"                      "N"                     "CH"                    "CH4"                     "CO"                    "CO2"                     "CN"                    "C2H"         "C2H2,acetylene"                     "C3"                    "C3H"                     "C4"         "C4H2,butadiyne"                     "C5"                    "HCN"                     "H2"                    "H2O"                     "N2"                  "C(gr)"
       300              0       -4.16738             1.52208e-116              1.15318e-37              2.81058e-76              1.02788e-79             1.89774e-100                 0.323599               4.9037e-12               0.00164603              1.61803e-71              9.69626e-94              1.61907e-41             1.88012e-134             1.13909e-118             6.46765e-172              3.70953e-78              1.5219e-173               2.4814e-24               7.4439e-05                 0.267991                  0.40669                        1
       350              0       -4.07913              1.03726e-98              9.06862e-32              5.32732e-65              5.92668e-68              4.06959e-85                  0.32537              1.04723e-09               0.00379468              1.32988e-60              3.50937e-79              6.64872e-35             1.49905e-113             2.30344e-100             1.53128e-145              5.09907e-66             7.44496e-147              1.48965e-20              0.000646362                 0.263616                 0.406573                        1
       400              0       -3.98322              2.51717e-85               2.4671e-27              1.51794e-56              3.97207e-59              1.31601e-73                 0.326543              5.76962e-08                0.0067738              2.05993e-52              3.01192e-68              6.23767e-30              7.30075e-98              1.28865e-86             9.68671e-126              6.82737e-57             8.18523e-127              1.02828e-17               0.00337761                 0.257287                 0.406018                        1
       450              0       -3.87752              6.57743e-75              7.08108e-24              5.68463e-50              2.93471e-52              1.19555e-64                  0.32404               1.2883e-06                 0.010276              4.84516e-46              9.79954e-60              4.66663e-26              1.17661e-85              6.50928e-76             2.51076e-110              8.85327e-50             3.27869e-111              1.66878e-15                0.0124633                 0.249049                  0.40417                        1
       500              0       -3.75546              1.43274e-66              4.17713e-21              1.03069e-44              9.20872e-47              1.76158e-57                 0.312576              1.53402e-05                 0.014074              6.04945e-41              6.36884e-53              5.86266e-23              6.90204e-76              2.40179e-67              5.47748e-98              4.39085e-44              1.01661e-98              9.73982e-14                0.0355605                 0.238304                  0.39947                        1
       550              0       -3.60377              9.57677e-60              7.71574e-19              2.07856e-40              2.89139e-42              1.28104e-51                  0.28563              0.000116266                0.0181465              8.88347e-37              2.37461e-47              1.97268e-20              6.78882e-68              2.44338e-60              6.89699e-88              1.98347e-39              1.71003e-88              2.66607e-12                0.0825383                 0.223672                 0.389897                        1
       600              0       -3.40183              4.68549e-54                5.887e-17              8.12765e-37              1.60781e-38              9.62218e-47                 0.239169              0.000632061                0.0226978              2.60728e-33              1.02304e-42              2.40869e-18              3.10323e-61              1.65658e-54              1.81163e-79              1.44515e-35              5.72386e-80              4.06764e-11                 0.159977                 0.203479                 0.374045                        1
       650              0        -3.1241              3.06419e-49              2.24224e-15              9.03617e-34              2.35529e-35              1.24202e-42                 0.177485               0.00267233                0.0280028              2.21229e-30              8.25338e-39              1.31067e-16              1.33616e-55              1.37651e-49              2.41848e-72              2.51143e-32              9.38566e-73              3.89576e-10                 0.262369                 0.176663                 0.352808                        1
       700              0       -2.74682              4.11928e-45              4.89078e-14              3.70837e-31              1.21179e-32              3.97197e-39                 0.114834               0.00919599                0.0336327              7.09254e-28              1.76431e-35              3.69563e-15              8.98055e-51              2.17134e-45              3.10165e-66              1.38264e-29               1.4359e-66              2.56478e-09                 0.369014                 0.143529                 0.329795                        1
       750              0       -2.25332              1.56109e-41              6.80853e-13              6.61865e-29              2.70976e-30              4.14745e-36                0.0659677                0.0259102                0.0368627              1.04787e-25              1.29925e-32              6.12429e-14              1.36507e-46              9.03368e-42              6.09807e-61              3.01588e-27              3.28915e-61              1.25282e-08                   0.4564                 0.106234                 0.308626                        1
       800              0       -1.64491              2.11375e-38              6.61371e-12              5.63913e-27              3.08493e-28              1.75318e-33                0.0351922                0.0582803                0.0330911              8.26685e-24              4.04531e-30              6.66002e-13               6.1982e-43              1.27879e-38              2.61035e-56              3.13196e-25                1.609e-56              4.83819e-08                 0.513854                0.0692224                  0.29036                        1
       850              0        -0.9968              1.22586e-35              4.81627e-11               2.4338e-25              2.01729e-26              3.54887e-31                0.0182946                 0.101435                0.0218697              3.89673e-22              6.25107e-28              5.20743e-12              1.04021e-39              7.51108e-36               3.1821e-52              1.79486e-23              2.20584e-52              1.55561e-07                 0.544573                0.0384903                 0.275337                        1
       900              0      -0.467611              3.50638e-33              2.78347e-10               5.7489e-24              8.34492e-25              3.92484e-29               0.00966348                 0.137551                0.0104243              1.20093e-20              5.43697e-26              3.15032e-11              7.61531e-37               2.1386e-33              1.36142e-48              6.38196e-22              1.04718e-48              4.35187e-07                 0.558838                0.0184313                 0.265092                        1
       950              0      -0.126604              5.52974e-31              1.33291e-09              8.48494e-23              2.35273e-23              2.62676e-27               0.00532007                 0.156939               0.00406709              2.59387e-19              2.93438e-24              1.55668e-10              2.77216e-34              3.33144e-31              2.41119e-45              1.53876e-20              2.03462e-45              1.09283e-06                 0.565734               0.00819159                 0.259747                        1
      1000              0      0.0905429               5.2566e-29              5.45495e-09              8.95773e-22              4.77882e-22              1.15046e-25               0.00307108                 0.164964               0.00152365              4.13363e-18              1.05874e-22              6.51472e-10              5.57202e-32              3.11692e-29              2.01751e-42              2.68214e-19              1.84956e-42              2.50628e-06                 0.569404               0.00366764                 0.257368                        1
      1050              0       0.252281               3.2376e-27              1.95302e-08              7.37788e-21              7.31136e-21              3.50703e-24               0.00185505                 0.168068              0.000596058              5.06486e-17              2.70788e-21              2.36974e-09              6.73154e-30              1.88573e-27              8.87619e-40              3.54743e-18              8.76666e-40              5.31191e-06                 0.571431               0.00172221                 0.256323                        1
      1100              0       0.391889              1.37065e-25              6.23208e-08              4.98077e-20               8.7469e-20              7.82195e-23                0.0011681                 0.169303               0.00024975              4.94012e-16              5.14816e-20               7.6451e-09              5.23934e-28              7.83294e-26              2.24132e-37              3.70037e-17              2.36761e-37              1.05106e-05                 0.572577              0.000856882                 0.255835                        1
      1150              0       0.522755              4.18825e-24              1.79955e-07              2.84409e-19              8.44463e-19              1.32992e-21              0.000763687                 0.169822              0.000112327              3.94969e-15              7.56477e-19              2.22334e-08              2.78237e-26               2.3468e-24               3.4921e-35              3.14164e-16              3.92039e-35              1.95875e-05                 0.573242              0.000451139                 0.255589                        1
      1200              0       0.650235              9.62089e-23              4.76152e-07              1.40541e-18              6.75623e-18              1.78354e-20               0.00051642                 0.170053              5.39663e-05              2.65313e-14               8.8742e-18              5.90682e-08              1.05755e-24              5.28372e-23              3.56604e-33              2.22821e-15              4.23091e-33              3.46379e-05                 0.573639              0.000250163                 0.255452                        1
      1250              0       0.776598              1.71923e-21              1.16664e-06              6.11943e-18              4.58093e-17              1.94133e-19              0.000359934                 0.170162              2.75191e-05              1.52886e-13              8.53974e-17              1.44956e-07               2.9949e-23              9.25222e-22              2.51089e-31              1.34925e-14              3.13271e-31              5.84907e-05                 0.573879              0.000145341                 0.255367                        1
      1300              0       0.902881              2.46013e-20              2.67039e-06              2.38295e-17              2.68276e-16                1.757e-18              0.000257763                 0.170215              1.48009e-05              7.69234e-13              6.89773e-16              3.31657e-07              6.53775e-22              1.29723e-20              1.27247e-29               7.1045e-14              1.66213e-29              9.48217e-05                 0.574022              8.80365e-05                 0.255304                        1
      1350              0        1.02961              2.88938e-19               5.7535e-06              8.40298e-17               1.3792e-15              1.34967e-17              0.000189148                 0.170242              8.34854e-06              3.43064e-12               4.7686e-15              7.13075e-07              1.13245e-20               1.4928e-19              4.81432e-28              3.30408e-13               6.5576e-28              0.000148249                   0.5741              5.53525e-05                  0.25525                        1
      1400              0        1.15709              2.84481e-18              1.17437e-05              2.71198e-16              6.31142e-15              8.95608e-17              0.000141878                 0.170256              4.91389e-06              1.37381e-11              2.86919e-14              1.45043e-06              1.59566e-19              1.44014e-18              1.40313e-26              1.37544e-12              1.98585e-26              0.000224406                 0.574131              3.59856e-05                 0.255193                        1
      1450              0        1.28554              2.39124e-17              2.28352e-05              8.08431e-16              2.60191e-14              5.21234e-16               0.00010855                 0.170263              3.00487e-06              4.99519e-11              1.52429e-13              2.80729e-06              1.86847e-18              1.18621e-17              3.23654e-25              5.18433e-12              4.74415e-25              0.000329981                 0.574119              2.41083e-05                 0.255127                        1
      1500              0        1.41516              1.74333e-16               4.2503e-05              2.24356e-15              9.76418e-14              2.69577e-15              8.45531e-05                 0.170265              1.90173e-06              1.66512e-10              7.23991e-13              5.19609e-06              1.85231e-17              8.47513e-17              6.04856e-24                1.787e-11              9.15547e-24              0.000472732                 0.574067              1.65944e-05                 0.255045                        1
      1550              0        1.54616              1.11764e-15              7.60447e-05              5.83661e-15              3.36582e-13              1.25324e-14              6.69404e-05                 0.170265              1.24148e-06              5.13169e-10              3.10791e-12              9.23741e-06              1.57993e-16               5.3253e-16              9.34705e-23              5.68196e-11              1.45709e-22              0.000661465                 0.573969              1.17053e-05                  0.25494                        1
      1600              0        1.67878              6.37704e-15              0.000131263              1.43195e-14              1.07423e-12              5.28979e-14              5.37843e-05                 0.170261              8.33536e-07              1.47296e-09               1.2173e-11              1.58326e-05              1.17598e-15              2.97844e-15              1.21591e-21              1.67916e-10              1.94729e-21              0.000905975                 0.573816              8.44188e-06                 0.254806                        1
      1650              0        1.81334              3.27291e-14                0.0002193              3.33069e-14              3.19655e-12              2.04507e-13              4.37976e-05                 0.170254              5.74083e-07              3.96318e-09              4.38671e-11              2.62495e-05              7.73375e-15              1.49858e-14              1.35252e-20               4.6429e-10              2.22031e-20               0.00121696                 0.573596              6.21216e-06                 0.254637                        1
      1700              0        1.95024              1.52512e-13              0.000355621              7.37921e-14              8.92293e-12              7.29809e-13              3.61031e-05                 0.170243              4.04665e-07               1.0053e-08              1.46515e-10              4.22206e-05               4.5433e-14              6.84654e-14              1.30442e-19              1.20816e-09               2.1904e-19               0.00160591                  0.57329              4.65595e-06                 0.254422                        1
      1750              0        2.08997              6.50614e-13              0.000561144              1.56368e-13               2.3493e-11              2.42056e-12              3.00923e-05                 0.170226              2.91342e-07              2.41624e-08              4.56508e-10                6.605e-05              2.40745e-13              2.86385e-13              1.10418e-18              2.97399e-09              1.89303e-18               0.00208491                 0.572874              3.54838e-06                 0.254155                        1
      1800              0        2.23316              2.55969e-12              0.000863507              3.18082e-13              5.86233e-11              7.50709e-12               2.5336e-05                   0.1702              2.13848e-07               5.5274e-08              1.33457e-09              0.000100727              1.16063e-12              1.10485e-12              8.29358e-18              6.95689e-09              1.44913e-17               0.00266653                 0.572317              2.74582e-06                 0.253824                        1
      1850              0         2.3806              9.34864e-12               0.00129842              6.23169e-13              1.39243e-10               2.1889e-11              2.15268e-05                 0.170163               1.5977e-07              1.20829e-07              3.67951e-09              0.000150043               5.1301e-12              3.95697e-12              5.58145e-17              1.55279e-08               9.9232e-17               0.00336351                 0.571583              2.15454e-06                 0.253419                        1
      1900              0        2.53325              3.18828e-11               0.00191113              1.17927e-12              3.16024e-10              6.02946e-11              1.84409e-05                  0.17011               1.2132e-07              2.53305e-07               9.6113e-09              0.000218697              2.09333e-11              1.32332e-11               3.3949e-16              3.31892e-08               6.1322e-16               0.00418856                 0.570624              1.71217e-06                 0.252927                        1
      1950              0        2.69225               1.0207e-10               0.00275779              2.16122e-12              6.87712e-10              1.57582e-10              1.59137e-05                 0.170038              9.35051e-08              5.10885e-07              2.38833e-08              0.000312393              7.93437e-11               4.1541e-11              1.88092e-15              6.81489e-08              3.44694e-15               0.00515403                 0.569384              1.37643e-06                 0.252335                        1
      2000              0          2.859              3.08206e-10               0.00390696              3.84483e-12              1.43939e-09              3.92274e-10              1.38222e-05                  0.16994              7.30588e-08              9.94164e-07              5.66659e-08               0.00043791              2.80909e-10              1.22979e-10              9.55919e-15              1.34816e-07              1.77499e-14               0.00627159                 0.567798              1.11819e-06                 0.251629                        1
      2050              0        3.03511              8.81532e-10               0.00544074               6.6537e-12              2.90568e-09              9.33342e-10              1.20737e-05                  0.16981              5.78039e-08              1.87142e-06              1.28793e-07              0.000603135              9.33628e-10              3.44789e-10              4.48468e-14              2.57599e-07              8.42736e-14               0.00755179                 0.565788              9.17053e-07                 0.250792                        1
      2100              0        3.22247              2.39759e-09               0.00745589              1.12222e-11              5.67164e-09              2.12921e-09              1.05974e-05                 0.169638              4.62634e-08              3.41565e-06              2.81251e-07              0.000817041              2.92623e-09              9.18949e-10              1.95338e-13              4.76487e-07              3.71059e-13               0.00900365                 0.563263              7.58538e-07                 0.249807                        1
      2150              0        3.42322              6.22267e-09                0.0100644              1.84786e-11              1.07288e-08              4.67027e-09              9.33879e-06                 0.169415              3.74192e-08              6.05734e-06              5.91672e-07               0.00108959              8.68474e-09              2.33628e-09              7.94042e-13              8.54938e-07              1.52314e-12                0.0106341                 0.560122               6.3221e-07                 0.248657                        1
      2200              0         3.6398              1.54608e-08                0.0133938              2.97506e-11              1.97093e-08              9.87449e-09              8.25537e-06                 0.169131              3.05587e-08              1.04575e-05              1.20197e-06               0.00143157              2.44987e-08              5.68322e-09              3.02657e-12              1.49062e-06              5.85679e-12                0.0124476                 0.556251              5.30462e-07                 0.247322                        1
      2250              0         3.8749              3.68811e-08                0.0175863              4.68993e-11              3.52278e-08               2.0171e-08              7.31399e-06                 0.168774              2.51761e-08              1.76059e-05              2.36303e-06               0.00185428              6.59095e-08              1.32649e-08              1.08636e-11              2.52946e-06              2.11885e-11                0.0144454                 0.551527              4.47684e-07                 0.245783                        1
      2300              0        4.13148              8.46929e-08                 0.022798              7.24806e-11              6.13668e-08              3.98908e-08               6.4885e-06                 0.168329              2.09075e-08              2.89509e-05              4.50457e-06               0.00236912              1.69638e-07              2.97815e-08              3.68657e-11              4.18329e-06              7.24087e-11                0.0166247                 0.545814              3.79691e-07                 0.244021                        1
      2350              0        4.41272               1.8768e-07                 0.029196               1.0994e-10               1.0435e-07              7.65169e-08              5.75827e-06                 0.167782              1.74882e-08              4.65653e-05              8.34069e-06               0.00298701              4.18892e-07              6.44621e-08                1.187e-10              6.75085e-06              2.34593e-10                0.0189785                 0.538972              3.23333e-07                 0.242016                        1
      2400              0        4.72201              4.02241e-07                0.0369554              1.63836e-10              1.73451e-07              1.42595e-07              5.10697e-06                 0.167118               1.4723e-08              7.33544e-05              1.50245e-05                0.0037177              9.94993e-07              1.34793e-07              3.63821e-10              1.06415e-05              7.22975e-10                0.0214948                 0.530859              2.76215e-07                 0.239749                        1
      2450              0        5.06289              8.35484e-07                0.0462538              2.40098e-10              2.82197e-07              2.58562e-07              4.52171e-06                 0.166322              1.24668e-08              0.000113312              2.63669e-05               0.00456885              2.27886e-06              2.72799e-07              1.06475e-09              1.63997e-05              2.12593e-09                0.0241557                  0.52133              2.36504e-07                 0.237205                        1
      2500              0        5.43902              1.68498e-06                0.0572654              3.46304e-10              4.49926e-07              4.56797e-07              3.99242e-06                 0.165377              1.06103e-08              0.000171825              4.51368e-05               0.00554505              5.04374e-06               5.3524e-07              2.98356e-09              2.47279e-05              5.98159e-09                0.0269375                 0.510253              2.02785e-07                 0.234368                        1
      2550              0        5.85411              3.30526e-06                 0.070153              4.91981e-10              7.03747e-07              7.87234e-07               3.5113e-06                 0.164269               9.0707e-09              0.000256033              7.54579e-05               0.00664672              1.08095e-05              1.01963e-06               8.0253e-09              3.65033e-05              1.61457e-08                0.0298102                 0.497505               1.7396e-07                 0.231228                        1
      2600              0        6.31184              6.31642e-06                0.0850583              6.88916e-10              1.08099e-06              1.32488e-06              3.07241e-06                 0.162983              7.78456e-09              0.000375244              0.000123316               0.00786891              2.24747e-05              1.88846e-06              2.07708e-08              5.27825e-05              4.19093e-08                 0.032737                 0.482988               1.4917e-07                 0.227777                        1
      2650              0        6.81589              1.17769e-05                 0.102091              9.51459e-10              1.63215e-06               2.1795e-06              2.67135e-06                 0.161507              6.70292e-09              0.000541391              0.000197183               0.00920027              4.54115e-05              3.40468e-06              5.18394e-08               7.4789e-05              1.04844e-07                0.0356754                 0.466633              1.27744e-07                 0.224012                        1
      2700              0        7.36983              2.14529e-05                 0.121318              1.29682e-09              2.42445e-06              3.50769e-06              2.30496e-06                 0.159832              5.78768e-09              0.000769548              0.000308745                0.0106221              8.93144e-05              5.98163e-06              1.25014e-07              0.000103874              2.53307e-07                0.0385766                 0.448409              1.09151e-07                 0.219935                        1
      2750              0        7.97721              3.82281e-05                 0.142749              1.74532e-09              3.54597e-06              5.52707e-06              1.97103e-06                 0.157949              5.00895e-09               0.00107848              0.000473713                0.0121076               0.00017124              1.02509e-05              2.91851e-07              0.000141445              5.92174e-07                0.0413871                 0.428329              9.29706e-08                 0.215553                        1
      2800              0        8.64162               6.6717e-05                 0.166323               2.3206e-09              5.11035e-06              8.53236e-06              1.66808e-06                 0.155855               4.3431e-09               0.00149121              0.000712664                 0.013622              0.000320495              1.71507e-05              6.60735e-07              0.000188858              1.34189e-06                0.0440495                  0.40646               7.8866e-08                 0.210875                        1
      2850              0        9.36686              0.000114163                 0.191899              3.04975e-09              7.26216e-06              1.29121e-05               1.3951e-06                 0.153547              3.77125e-09               0.00203563               0.00105182                0.0151223              0.000586303              2.80356e-05              1.45297e-06              0.000247265              2.95235e-06                0.0465034                 0.382924              6.65662e-08                 0.205915                        1
      2900     0.00392608        10.1573              0.000191731                 0.219238               3.9633e-09              1.01826e-05              1.91642e-05               1.1513e-06                 0.151024              3.27813e-09               0.00274503               0.00152362                0.0165587               0.00104961              4.48062e-05              3.10815e-06              0.000317426              6.31632e-06                0.0486867                 0.357896              5.58486e-08                 0.200685                        1
      2950      0.0257604        11.0181              0.000316337                 0.247997                5.095e-09              1.40957e-05               2.7908e-05              9.35948e-07                 0.148282              2.85127e-09               0.00365856               0.00216698                0.0178757               0.00184089               7.0051e-05              6.47703e-06              0.000399487              1.31591e-05                0.0505365                 0.331603              4.65276e-08                  0.19519                        1
      3000      0.0521726        11.9561              0.000513199                 0.277712              6.48118e-09              1.92735e-05              3.98878e-05               7.4815e-07                 0.145313              2.48025e-09               0.00482156               0.00302684                0.0190138               0.00316643              0.000107185              1.31657e-05              0.000492732               2.6732e-05                0.0519893                 0.304316              3.84443e-08                 0.189428                        1
      3050      0.0856449        12.9803              0.000819335                 0.307788              8.15939e-09              2.60408e-05              5.59631e-05              5.86761e-07                 0.142095              2.15619e-09               0.00628535               0.00415279                0.0199118               0.00534657              0.000160559              2.61361e-05              0.000595311              5.30178e-05                0.0529798                 0.276329              3.14591e-08                 0.183374                        1
      3100       0.130171        14.1022               0.00128829                 0.337474              1.01657e-08              3.47758e-05              7.70745e-05                4.503e-07                 0.138589              1.87135e-09               0.00810636               0.00559617                0.0205086               0.00887036               0.00023549              5.07297e-05              0.000703971              0.000102778                0.0534391                  0.24795              2.54473e-08                 0.176973                        1
      3150       0.192125        15.3358               0.00199645                 0.365835              1.25296e-08              4.59032e-05              0.000104173              3.36954e-07                  0.13472              1.61881e-09                0.0103437               0.00740483                0.0207438                0.0144722              0.000338132              9.63767e-05              0.000813748               0.00019496                0.0532905                 0.219477               2.0295e-08                 0.170123                        1
      3200       0.281679        16.6955               0.00305136                 0.391695              1.52647e-08               5.9874e-05              0.000138085              2.44631e-07                 0.130369              1.39219e-09                 0.013054               0.00961429                0.0205593                0.0232384              0.000475054              0.000179394              0.000917653              0.000362242                 0.052444                 0.191181              1.58986e-08                 0.162661                        1
      3250       0.415237         18.192               0.00460251                 0.413558              1.83527e-08              7.71172e-05              0.000179283              1.71068e-07                 0.125348              1.18558e-09                 0.016282                 0.012233                0.0198983                0.0367518              0.000652291              0.000327475               0.00100631              0.000659894                0.0507893                 0.163294              1.21646e-08                  0.15434                        1
      3300       0.619906        19.8238               0.00685528                 0.429472              2.17155e-08              9.79431e-05              0.000227483              1.13951e-07                 0.119382              9.93499e-10                 0.020042                0.0152186                0.0187068                0.0572871              0.000873458               0.00058677               0.00106764               0.00117968                0.0481889                 0.136009              9.01227e-09                 0.144805                        1
      3350       0.942453        21.5651                0.0100886                 0.436831              2.51704e-08              0.000122355               0.00028098              7.10403e-08                 0.112071              8.11107e-10                0.0242854                0.0184386                0.0169367                0.0880702               0.00113628               0.00103285               0.00108666               0.00207128                0.0444745                 0.109505              6.37633e-09                 0.133569                        1
      3400         1.4693        23.3542                0.0146771                  0.43209              2.83566e-08               0.00014969              0.000335533              4.02547e-08                 0.102864              6.34695e-10                0.0288407                0.0216074                0.0145556                 0.133618               0.00142637               0.00178744               0.00104604               0.00357473                0.0394532                0.0839889              4.21115e-09                 0.119986                        1
      3450         2.3778        25.0896                 0.021119                 0.410349              3.06228e-08               0.00017792              0.000382543              1.96835e-08                0.0910168              4.62722e-10                0.0333003                0.0241846                 0.011572                  0.20018               0.00170634               0.00304344              0.000928231               0.00606878                0.0329353                0.0597962              2.49398e-09                  0.10324                        1
      3500        4.09604        26.6426                0.0300702                 0.364778              3.08584e-08              0.000202207              0.000406061              7.49862e-09                0.0755566              2.97651e-10                0.0367907                0.0252122               0.00808829                 0.296301               0.00189717               0.00510203              0.000721732                 0.010142                0.0248165                0.0375502              1.22472e-09                0.0823648                        1
