   "Tw[K]"          "B'c"    "hw[MJ/kg]"                      "C"                      "H"                      "O"                      "N"                     "CH"                    "CH4"                     "CO"                    "CO2"                     "CN"                    "C2H"         "C2H2,acetylene"                     "C3"                    "C3H"                     "C4"         "C4H2,butadiyne"                     "C5"                    "HCN"                     "H2"                    "H2O"                     "N2"                  "C(gr)"
       300              0      -0.516322             2.02943e-117              1.59957e-38               4.0557e-77              5.60618e-80             2.63235e-101                0.0505378               7.0761e-13              0.000257063              8.82488e-72              1.34496e-94              2.33635e-42             2.50683e-135             1.58003e-119             8.62353e-173              5.35294e-79              2.0292e-174              1.40795e-24              1.07417e-05                0.0418529                 0.907341                        1
       350              0      -0.460823              1.38301e-99                1.258e-32               7.6881e-66              3.23287e-68              5.64535e-86                0.0508302               1.5113e-10               0.00059273              7.25416e-61              4.86821e-80              9.59576e-36             1.99874e-114             3.19534e-101              2.0417e-146              7.35923e-67             9.92662e-148              8.45402e-21              9.32862e-05                0.0411799                 0.907304                        1
       400              0      -0.404438              3.35623e-86              3.42364e-28              2.19158e-57              2.16794e-59              1.82626e-74                0.0510892               8.3301e-09               0.00105901               1.1243e-52              4.17969e-69              9.00919e-31              9.73433e-99              1.78829e-87             1.29156e-126              9.86092e-58             1.09136e-127              5.84125e-18              0.000487835                0.0402389                 0.907125                        1
       450              0       -0.34623              8.76991e-76              9.83876e-25              8.21974e-51              1.60488e-52              1.66115e-65                0.0509502              1.86283e-07               0.00161137              2.64964e-46              1.36159e-60              6.75688e-27              1.56881e-86              9.04427e-77             3.34768e-111              1.28188e-50             4.37159e-112              9.50996e-16               0.00180458                0.0391061                 0.906528                        1
       500              0      -0.284442              1.91032e-67              5.82275e-22              1.49606e-45              5.06115e-47              2.45557e-58                0.0497899              2.22666e-06               0.00222393               3.3248e-41              8.87791e-54              8.54392e-24              9.20273e-77                3.348e-68               7.3033e-99              6.39898e-45              1.35548e-99              5.59645e-14                0.0051824                0.0378074                 0.904994                        1
       550              0      -0.216492               1.2769e-60              1.08316e-19              3.04032e-41              1.60568e-42              1.79837e-52                0.0467998              1.70063e-05               0.00291187              4.93325e-37              3.33355e-48              2.91573e-21              9.05176e-69              3.43009e-61              9.19599e-89              2.93166e-40              2.28004e-89              1.55883e-12                0.0121996                0.0362678                 0.901804                        1
       600              0      -0.139612              6.24733e-55              8.37423e-18              1.20345e-37              9.08796e-39              1.36875e-47                0.0413134               9.3588e-05               0.00373222              1.47374e-33              1.45527e-43              3.65547e-19              4.13764e-62              2.35647e-55               2.4155e-80              2.19318e-36              7.63182e-81              2.45293e-11                0.0242784                 0.034293                 0.896289                        1
       650              0     -0.0521778              4.08558e-50              3.25869e-16              1.35924e-34              1.36466e-35              1.80506e-43                0.0334034              0.000401977               0.00475212              1.28181e-30              1.19948e-39              2.07624e-17              1.78155e-56              2.00051e-50              3.22464e-73              3.97838e-33              1.25142e-73              2.46035e-10                 0.041562                0.0315721                 0.888308                        1
       700              0      0.0452359              5.49238e-46              7.32102e-15              5.68766e-32              7.22213e-33              5.94565e-40                0.0243236               0.00141042               0.00593368              4.22706e-28              2.64099e-36              6.21065e-16              1.19741e-51              3.25029e-46              4.13554e-67              2.32358e-30              1.91454e-67               1.7161e-09                0.0620141                 0.027746                 0.878572                        1
       750              0       0.150985              2.08145e-42              1.05449e-13              1.04568e-29               1.6596e-30              6.42347e-37                0.0160129               0.00409353               0.00690087              6.41772e-26              2.01224e-33              1.10178e-14              1.82009e-47              1.39911e-42              8.13075e-62              5.42565e-28              4.38554e-62              8.91274e-09                0.0821076                 0.022646                 0.868239                        1
       800              0       0.264566              2.81833e-39              1.05981e-12               9.3811e-28              1.93643e-28              2.80938e-34               0.00978957               0.00969537               0.00686843              5.18917e-24              6.48239e-31              1.28264e-13              8.26426e-44              2.04919e-39              3.48046e-57              6.03176e-26              2.14533e-57              3.64994e-08                0.0989619                0.0166333                 0.858051                        1
       850              0       0.383659              1.63448e-36              7.95777e-12              4.38885e-26              1.29307e-26              5.86368e-32               0.00575214                0.0182916               0.00533379              2.49777e-22              1.03284e-28              1.06622e-12              1.38694e-40              1.24103e-36               4.2428e-53              3.67496e-24              2.94112e-53              1.23565e-07                 0.111501                0.0106586                 0.848463                        1
       900              0       0.497877              4.67518e-34              4.70749e-11              1.13864e-24               5.4261e-25               6.6378e-30               0.00333523                0.0272434               0.00306696              7.80877e-21              9.19514e-27              6.75802e-12              1.01537e-37              3.61686e-34              1.81523e-49              1.36905e-22              1.39624e-49              3.58925e-07                 0.119881               0.00587329                   0.8406                        1
       950              0       0.595923              7.37299e-32              2.28652e-10              1.80433e-23              1.54083e-23              4.50605e-28               0.00194357                0.0333732               0.00137936              1.69876e-19              5.03374e-25              3.43565e-11              3.69622e-35              5.71487e-32              3.21492e-46              3.39611e-21              2.71283e-46               9.2081e-07                  0.12486               0.00288341                 0.835559                        1
      1000              0       0.678457               7.0088e-30              9.42731e-10              1.97763e-22              3.13924e-22              1.98823e-26               0.00115574                0.0364195              0.000556978              2.71541e-18              1.82972e-23              1.45932e-10              7.42936e-33              5.38669e-30              2.69002e-43              6.00808e-20              2.46607e-43              2.13399e-06                 0.127548               0.00136034                 0.832957                        1
      1050              0         0.7524               4.3168e-28              3.38774e-09              1.65633e-21               4.8091e-21              6.08335e-25              0.000708526                0.0377313              0.000225311              3.33144e-17              4.69714e-22              5.34773e-10              8.97539e-31              3.27103e-28              1.18349e-40              8.00539e-19              1.16889e-40              4.54549e-06                 0.128953              0.000654384                 0.831723                        1
      1100              0       0.822675              1.82754e-26              1.08307e-08               1.1264e-20              5.75674e-20              1.35937e-23              0.000449529                0.0382878              9.57986e-05              3.25132e-16              8.94698e-21              1.73178e-09              6.98578e-29              1.36128e-26              2.98842e-38              8.38213e-18              3.15681e-38              9.01645e-06                 0.129701              0.000329221                 0.831128                        1
      1150              0       0.891609              5.58433e-25              3.13058e-08               6.4534e-20              5.55947e-19               2.3136e-22              0.000295083                0.0385335              4.33747e-05              2.60025e-15                1.316e-19              5.04649e-09              3.70982e-27              4.08261e-25              4.65613e-36              7.13084e-17              5.22719e-36               1.6825e-05                 0.130113              0.000174261                 0.830823                        1
      1200              0       0.960196              1.28279e-23                8.288e-08               3.1941e-19              4.44866e-18              3.10446e-21              0.000199987                0.0386483              2.09062e-05              1.74696e-14              1.54466e-18              1.34222e-08              1.41006e-25              9.19695e-24              4.75472e-34               5.0632e-16              5.64121e-34              2.97743e-05                 0.130349              9.68943e-05                 0.830655                        1
      1250              0        1.02886               2.2923e-22              2.03131e-07              1.39192e-18              3.01665e-17              3.38019e-20              0.000139562                0.0387049              1.06783e-05              1.00679e-13              1.48691e-17              3.29593e-08               3.9932e-24              1.61097e-22              3.34785e-32              3.06785e-15              4.17695e-32               5.0299e-05                 0.130485               5.6376e-05                 0.830552                        1
      1300              0        1.09781              3.28018e-21              4.65039e-07              5.42267e-18               1.7668e-16              3.05975e-19              0.000100014                0.0387344              5.74838e-06              5.06598e-13              1.20121e-16              7.54359e-08                8.717e-23              2.25908e-21              1.69663e-30              1.61593e-14              2.21617e-30              8.15621e-05                 0.130562              3.41752e-05                 0.830481                        1
      1350              0        1.16713               3.8525e-20              1.00202e-06              1.91268e-17               9.0837e-16              2.35057e-18              7.34123e-05                0.0387505              3.24408e-06              2.25949e-12              8.30494e-16              1.62214e-07              1.50994e-21              2.59985e-20              6.41909e-29              7.51629e-14              8.74346e-29              0.000127537                 0.130599              2.14962e-05                 0.830423                        1
      1400              0        1.23689              3.79307e-19              2.04527e-06              6.17395e-17              4.15717e-15              1.55978e-17              5.50659e-05                0.0387596              1.91003e-06              9.04891e-12              4.99696e-15              3.29953e-07              2.12755e-20              2.50814e-19              1.87085e-27              3.12892e-13              2.64781e-27              0.000193069                 0.130606              1.39772e-05                 0.830368                        1
      1450              0        1.30712              3.18832e-18              3.97671e-06              1.84061e-16              1.71397e-14              9.07721e-17              4.21202e-05                0.0387649              1.16822e-06               3.2905e-11              2.65453e-14               6.3854e-07               2.4913e-19              2.06577e-18              4.31538e-26              1.17921e-12              6.32554e-26               0.00028391                 0.130588              9.36368e-06                 0.830306                        1
      1500              0        1.37786              2.32444e-17              7.40091e-06              5.10842e-16              6.43276e-14              4.69406e-16              3.27928e-05                0.0387682               7.3945e-07                1.097e-10              1.26066e-13               1.1816e-06              2.46975e-18              1.47575e-17              8.06475e-25              4.06368e-12              1.22073e-24              0.000406728                 0.130544              6.44414e-06                 0.830233                        1
      1550              0        1.44916              1.49018e-16               1.3239e-05              1.32902e-15              2.21777e-13              2.18183e-15              2.59425e-05                0.0387701              4.82778e-07              3.38132e-10              5.41071e-13              2.09982e-06              2.10657e-17              9.27105e-17              1.24627e-23               1.2916e-11              1.94279e-23              0.000569088                 0.130473              4.54412e-06                 0.830142                        1
      1600              0        1.52107              8.50273e-16              2.28464e-05              3.26078e-15              7.07959e-13              9.20688e-15              2.08226e-05                0.0387713              3.24171e-07              9.70735e-10              2.11871e-12              3.59717e-06              1.56797e-16              5.18398e-16              1.62121e-22              3.81506e-11              2.59639e-22              0.000779402                 0.130371               3.2757e-06                 0.830027                        1
      1650              0        1.59365              4.36388e-15              3.81565e-05              7.58495e-15              2.10716e-12              3.55826e-14              1.69337e-05                0.0387718              2.23292e-07              2.61253e-09              7.63252e-12              5.95994e-06              1.03117e-15              2.60741e-15              1.80337e-21              1.05417e-10              2.96041e-21               0.00104685                 0.130235              2.40903e-06                 0.829883                        1
      1700              0        1.66697              2.03349e-14              6.18494e-05              1.68058e-14              5.88383e-12              1.26928e-13              1.39355e-05                 0.038772              1.57418e-07              6.62903e-09              2.54818e-11              9.57816e-06              6.05773e-15              1.19075e-14              1.73922e-20              2.74084e-10              2.92054e-20               0.00138128                 0.130056              1.80416e-06                 0.829703                        1
      1750              0        1.74111              8.67485e-14              9.75442e-05              3.56153e-14              1.54975e-11              4.20768e-13              1.15917e-05                0.0387717              1.13356e-07              1.59391e-08              7.93552e-11              1.49688e-05              3.20994e-14              4.97825e-14              1.47223e-19              6.73992e-10              2.52404e-19               0.00179308                  0.12983              1.37372e-06                  0.82948                        1
      1800              0        1.81618              3.41292e-13              0.000150013              7.24581e-14              3.86905e-11              1.30417e-12              9.73586e-06                 0.038771              8.32266e-08                3.648e-08              2.31849e-10                 2.28e-05              1.54751e-13               1.9194e-13              1.10581e-18              1.57472e-09              1.93218e-18               0.00229301                 0.129546              1.06186e-06                 0.829206                        1
      1850              0        1.89229              1.24649e-12              0.000225409              1.41982e-13              9.19536e-11              3.79997e-12              8.24856e-06                0.0387697              6.22033e-08              7.97933e-08               6.3877e-10              3.39145e-05              6.84013e-13              6.86936e-13              7.44194e-18              3.50979e-09              1.32309e-17               0.00289202                 0.129196              8.32173e-07                 0.828874                        1
      1900              0        1.96958              4.25104e-12              0.000331503              2.68753e-13              2.08849e-10              1.04587e-11              7.04304e-06                0.0387678              4.72579e-08                1.674e-07              1.66717e-09              4.93516e-05               2.7911e-12              2.29543e-12              4.52654e-17              7.48954e-09              8.17626e-17               0.00360111                 0.128768              6.60399e-07                 0.828474                        1
      1950              0         2.0482              1.36094e-11              0.000477925              4.92711e-13              4.54885e-10              2.73088e-11              6.05541e-06                0.0387651              3.64489e-08              3.37923e-07              4.13897e-09              7.03651e-05              1.05792e-11              7.19903e-12              2.50789e-16              1.53502e-08              4.59592e-16               0.00443099                 0.128251              5.30108e-07                 0.827997                        1
      2000              0        2.12833              4.10941e-11               0.00067638              8.76957e-13               9.5309e-10              6.79113e-11              5.23806e-06                0.0387613              2.85061e-08              6.58284e-07              9.81013e-09              9.84354e-05              3.74545e-11              2.12903e-11              1.27456e-15              3.03044e-08              2.36665e-15               0.00539197                 0.127632              4.29975e-07                 0.827433                        1
      2050              0        2.21017              1.17538e-10               0.00094086               1.5186e-12              1.92643e-09              1.61402e-10              4.55505e-06                0.0387562              2.25827e-08              1.24073e-06              2.22721e-08              0.000135273              1.24484e-10              5.96239e-11              5.97957e-15              5.77748e-08              1.12365e-14               0.00649357                 0.126896              3.52071e-07                 0.826772                        1
      2100              0        2.29393              3.19678e-10                0.0012878              2.56344e-12              3.76587e-09              3.67761e-10              3.97902e-06                0.0387495              1.81045e-08              2.26793e-06              4.85783e-08               0.00018281              3.90164e-10              1.58723e-10              2.60451e-14              1.06612e-07              4.94745e-14               0.00774434                 0.126028              2.90763e-07                 0.826001                        1
      2150              0        2.37985              8.29689e-10               0.00173617              4.22556e-12              7.13634e-09              8.05647e-10              3.48888e-06                0.0387408              1.46753e-08              4.02909e-06              1.02067e-07              0.000243182              1.15797e-09              4.03022e-10              1.05872e-13               1.9081e-07              2.03085e-13               0.00915148                 0.125011              2.41995e-07                 0.825109                        1
      2200              0        2.46819              2.06144e-09               0.00230753              6.81265e-12               1.3137e-08              1.70121e-09              3.06831e-06                0.0387297              1.20181e-08              6.97027e-06               2.0708e-07              0.000318687               3.2665e-09              9.79127e-10              4.03543e-13              3.31831e-07              7.80905e-13                0.0107205                 0.123829              2.02809e-07                 0.824084                        1
      2250              0        2.55923              4.91748e-09               0.00302595              1.07584e-11              2.35372e-08              3.47068e-09               2.7045e-06                0.0387157              9.93606e-09              1.17633e-05               4.0659e-07              0.000411729              8.78793e-09               2.2824e-09              1.44849e-12              5.61648e-07              2.82513e-12                0.0124551                 0.122462              1.71022e-07                 0.822914                        1
      2300              0        2.65325              1.12924e-08               0.00391783              1.66631e-11              4.11164e-08              6.85524e-09               2.3874e-06                0.0386983              8.28764e-09              1.93974e-05              7.74109e-07              0.000524743              2.26183e-08              5.11794e-09              4.91543e-12               9.2657e-07               9.6545e-12                0.0143564                 0.120894              1.45006e-07                 0.821585                        1
      2350              0        2.75058               2.5024e-08                0.0050116              2.53431e-11              7.01405e-08              1.31344e-08              2.10904e-06                0.0386768              6.96976e-09              3.12997e-05              1.43171e-06              0.000660089              5.58522e-08              1.10651e-08              1.58267e-11              1.49185e-06              3.12791e-11                 0.016423                 0.119106              1.23533e-07                 0.820086                        1
      2400              0        2.85153              5.36321e-08               0.00633723              3.78916e-11              1.17018e-07              2.44526e-08              1.86309e-06                0.0386508              5.90645e-09              4.94881e-05              2.57645e-06              0.000819934              1.32666e-07              2.31148e-08              4.85095e-11              2.34696e-06              9.63967e-11                0.0186505                  0.11708              1.05669e-07                 0.818405                        1
      2450    2.42564e-05        2.95641              1.11398e-07               0.00792564              5.57499e-11              1.91182e-07              4.43049e-08              1.64451e-06                0.0386194              5.04113e-09              7.67659e-05              4.51801e-06                0.0010061              3.03848e-07              4.67444e-08              1.41967e-10              3.61137e-06              2.83457e-10                0.0210311                 0.114802              9.06969e-08                 0.816529                        1
      2500     0.00159523        3.06557              2.24663e-07               0.00980787              8.07917e-11              3.06262e-07              7.82358e-08              1.44928e-06                 0.038582               4.3312e-09               0.00011696               7.7306e-06               0.00121992              6.72499e-07              9.16709e-08              3.97808e-10               5.4402e-06              7.97545e-10                0.0235534                 0.112257               7.8061e-08                 0.814447                        1
      2550      0.0032808        3.17934              4.40702e-07                0.0120141               1.1542e-10              4.81597e-07              1.34818e-07              1.27419e-06                 0.038538              3.74429e-09              0.000175212              1.29226e-05               0.00146204              1.44127e-06              1.74617e-07              1.07004e-09              8.02943e-06              2.15276e-09                0.0262023                 0.109433              6.73281e-08                  0.81215                        1
      2600     0.00507819        3.29804              8.42189e-07                0.0145725               1.6268e-10              7.44179e-07              2.26984e-07               1.1167e-06                0.0384865              3.25559e-09              0.000258328              2.11271e-05               0.00173226              2.99662e-06              3.23539e-07              2.76944e-09              1.16195e-05              5.58791e-09                0.0289585                 0.106325              5.81579e-08                 0.809628                        1
      2650     0.00698394        3.42202              1.57026e-06                 0.017508              2.26378e-10              1.13109e-06              3.73771e-07              9.74775e-07                 0.038427              2.84586e-09              0.000375187              3.38157e-05               0.00202935              6.05487e-06               5.8388e-07              6.91192e-09              1.64966e-05              1.39792e-08                 0.031799                 0.102928              5.02809e-08                 0.806873                        1
      2700      0.0089946        3.55163              2.86038e-06                0.0208406              3.11228e-10              1.69251e-06              6.02567e-07              8.46805e-07                0.0383585              2.50014e-09              0.000537221              5.30376e-05               0.00235093              1.19086e-05              1.02755e-06              1.66685e-08              2.29899e-05              3.37743e-08                0.0346965                0.0992438              4.34829e-08                 0.803877                        1
      2750      0.0111078        3.68725              5.09708e-06                0.0245843              4.22995e-10              2.49542e-06              9.51875e-07              7.31505e-07                0.0382806              2.20663e-09              0.000758964              8.15832e-05               0.00269334              2.28321e-05              1.76542e-06              3.89135e-08              3.14644e-05              7.89566e-08                0.0376202                0.0952816              3.75923e-08                 0.800634                        1
      2800      0.0133243        3.82932               8.8956e-06                0.0287452              5.68661e-10              3.62805e-06              1.47462e-06              6.27843e-07                0.0381923                1.956e-09               0.00105868              0.000123168                0.0030516              4.27326e-05               2.9641e-06               8.8098e-08              4.23079e-05              1.78919e-07                0.0405357                 0.091055              3.24707e-08                 0.797135                        1
      2850        0.01565         3.9784              1.52217e-05                0.0333202              7.56599e-10               5.2051e-06              2.24198e-06               5.3497e-07                 0.038093              1.74081e-09               0.00145903              0.000182631               0.00341941              7.81737e-05              4.86793e-06              1.93729e-07              5.59105e-05              3.93647e-07                0.0434055                0.0865852              2.80058e-08                 0.793372                        1
      2900      0.0181005         4.1352              2.55641e-05                0.0382955              9.96747e-10              7.37398e-06              3.34752e-06              4.52172e-07                0.0379817              1.55505e-09               0.00198787               0.00026614               0.00378925              0.000139949              7.82656e-06               4.1442e-07              7.26387e-05              8.42176e-07                0.0461898                0.0818998              2.41062e-08                 0.789331                        1
      2950      0.0207062        4.30074              4.21782e-05                0.0436459              1.30078e-09              1.03219e-05              4.91163e-06              3.78812e-07                0.0378574              1.39387e-09               0.00267906              0.000381376               0.00415258              0.000245452              1.23285e-05              8.63604e-07              9.28023e-05              1.75454e-06                0.0488469                0.0770326              2.06961e-08                 0.784993                        1
      3000      0.0235205        4.47646              6.84266e-05                0.0493331               1.6823e-09              1.42838e-05              7.08572e-06              3.14302e-07                0.0377185              1.25331e-09               0.00357333              0.000537692               0.00450005               0.00042219              1.90405e-05              1.75543e-06              0.000116616              3.56426e-06                0.0513338                0.0720233               1.7713e-08                 0.780327                        1
      3050      0.0266305        4.66447              0.000109245                 0.055306              2.15694e-09              1.95517e-05              1.00559e-05              2.58064e-07                0.0375631              1.13008e-09               0.00471912              0.000746209               0.00482185              0.000712876              2.88506e-05              3.48482e-06              0.000144161              7.06903e-06                0.0536071                0.0669158               1.5104e-08                 0.775285                        1
      3100      0.0301736        4.86784              0.000171772                0.0614995              2.74247e-09              2.64838e-05              1.40456e-05              2.09512e-07                 0.037388              1.02147e-09               0.00617348               0.00101982               0.00510809               0.00118271              4.29144e-05              6.76396e-06              0.000175339              1.37038e-05                0.0556231                0.0617572              1.28242e-08                 0.769797                        1
      3150      0.0343595        5.09099              0.000266193                0.0678346              3.45874e-09              3.55147e-05              1.93161e-05              1.68043e-07                0.0371888              9.25165e-10               0.00800276               0.00137303               0.00534913               0.00192963              6.26978e-05              1.28502e-05              0.000209838              2.59947e-05                 0.057338                0.0565958              1.08349e-08                 0.763756                        1
      3200      0.0395019         5.3403              0.000406847                0.0742181              4.32751e-09              4.71645e-05              2.61643e-05              1.33028e-07                0.0369592              8.39186e-10                 0.010283               0.00182171               0.00553595               0.00309846               9.0013e-05              2.39192e-05              0.000247095              4.82989e-05                0.0587079                0.0514789              9.10235e-09                 0.757007                        1
      3250       0.046064        5.62479              0.000613668                0.0805417              5.37186e-09              6.20466e-05              3.49159e-05              1.03822e-07                0.0366898              7.61803e-10                0.0131001               0.00238242               0.00566037               0.00490024              0.000127036              4.36633e-05              0.000286262              8.79859e-05                0.0596876                0.0464514              7.59652e-09                 0.749331                        1
      3300      0.0547242        5.95709              0.000914037                0.0866805              6.61518e-09              8.08704e-05              4.59131e-05              7.97717e-08                0.0363672              6.91466e-10                0.0165484               0.00307159               0.00571525               0.00763828               0.00017629               7.8236e-05              0.000326181              0.000157291                0.0602297                0.0415531              6.29073e-09                 0.740417                        1
      3350      0.0664728         6.3546               0.00134514                  0.09249               8.0792e-09              0.000104436              5.94917e-05              6.02301e-08                0.0359726              6.26752e-10                0.0207289                 0.003904               0.00569445                0.0117427              0.000240584              0.000137714              0.000365358              0.000276171                0.0602816                0.0368178                5.161e-09                 0.729839                        1
      3400      0.0827592        6.84087               0.00195695                0.0978008              9.78077e-09              0.000133617              7.59459e-05              4.45734e-08                0.0354799              5.66322e-10                0.0257439                0.0048907               0.00559278                0.0178157               0.00032285              0.000238325              0.000401925               0.00047663                0.0597834                0.0322716              4.18581e-09                 0.717015                        1
      3450       0.105723        7.44711               0.00281587                 0.102411              1.17264e-08              0.000169309              9.54715e-05              3.22152e-08                0.0348532              5.08889e-10                0.0316886               0.00603576               0.00540577                0.0266906              0.000425853              0.000405792              0.000433615              0.000809171                 0.058664                0.0279333              3.34599e-09                 0.701162                        1
      3500       0.138579        8.21364               0.00400936                 0.106074               1.3904e-08              0.000212347              0.000118079              2.26198e-08                0.0340437              4.53209e-10                0.0386357               0.00733148               0.00512956                0.0395068              0.000551679              0.000680271              0.000457719               0.00135226                0.0568374                0.0238142              2.62475e-09                 0.681245                        1
